DEBUG:root:TestBpg.__init__
DEBUG:root:Creating 2 random BodyParts
DEBUG:root:TestBp.__init__
DEBUG:bpg:BodyPart.__init__
DEBUG:neural:Network.__init__()
DEBUG:root:TestBp.__init__
DEBUG:bpg:BodyPart.__init__
DEBUG:neural:Network.__init__()
DEBUG:sim:Sim.__init__()
DEBUG:sim:BPGSim.__init__
DEBUG:sim:addBPG(<__main__.TestBpg object at 0xb7967dac>)
DEBUG:sim:<class '__main__.TestBpg'>
DEBUG:bpg:BodyPartGraph.sanityCheck
DEBUG:bpg:BodyPartGraph.unroll
DEBUG:bpg:BodyPartGraph.__init__
DEBUG:bpg:unroll: added root bp
DEBUG:bpg:<__main__.TestBp object at 0xb796b32c> has 1 edges: [Edge(child=<__main__.TestBp object at 0xb796a42c>, joint_end=1, terminal_only=0)]
DEBUG:bpg:<__main__.TestBp object at 0xb796a42c> has 0 edges: []
DEBUG:bpg:/BodyPartGraph.unroll (bpg size 2 -> size 2)
DEBUG:bpg:BodyPartGraph.connectInputNodes(self=<bpg.BodyPartGraph object at 0xb796e56c>, backannotate=0)
DEBUG:bpg:looking at BP <__main__.TestBp object at 0xb796e5ec>, bp.network.inputs=[<node.Sigmoid object at 0xb796e6ac>]
DEBUG:bpg:thinking about input node Node(inputs=[])
DEBUG:bpg:input_node isnt connected, so hook it up
DEBUG:bpg:valid bp neighbours = [<__main__.TestBp object at 0xb796e5ec>, <__main__.TestBp object at 0xb797566c>]
DEBUG:bpg:is there an entry in genotype input_map for this genotype input node?
DEBUG:bpg:no. create new key
DEBUG:bpg:no entry in input_map for this input node. generate valid source
DEBUG:bpg:entering (<__main__.TestBp object at 0xb796a42c>, 'JOINT_2') into bp.input_map
DEBUG:bpg:looking at BP <__main__.TestBp object at 0xb797566c>, bp.network.inputs=[<node.Sigmoid object at 0xb797572c>]
DEBUG:bpg:thinking about input node Node(inputs=[])
DEBUG:bpg:input_node isnt connected, so hook it up
DEBUG:bpg:valid bp neighbours = [<__main__.TestBp object at 0xb797566c>, <__main__.TestBp object at 0xb797566c>]
DEBUG:bpg:is there an entry in genotype input_map for this genotype input node?
DEBUG:bpg:no. create new key
DEBUG:bpg:no entry in input_map for this input node. generate valid source
DEBUG:bpg:entering (<__main__.TestBp object at 0xb796a42c>, 'JOINT_1') into bp.input_map
DEBUG:bpg:looking at BP <__main__.TestBp object at 0xb796e5ec>, bp.network.inputs=[<node.Sigmoid object at 0xb796e6ac>]
DEBUG:bpg:thinking about input node Node(inputs=[(<__main__.TestBp object at 0xb796a42c>, 'JOINT_2')])
DEBUG:bpg:looking at BP <__main__.TestBp object at 0xb797566c>, bp.network.inputs=[<node.Sigmoid object at 0xb797572c>]
DEBUG:bpg:thinking about input node Node(inputs=[(<__main__.TestBp object at 0xb796a42c>, 'JOINT_1')])
DEBUG:bpg:/BodyPartGraph.connectInputNodes
DEBUG:bpg:BodyPartGraph.unroll
DEBUG:bpg:BodyPartGraph.__init__
DEBUG:bpg:unroll: added root bp
DEBUG:bpg:<__main__.TestBp object at 0xb796b32c> has 1 edges: [Edge(child=<__main__.TestBp object at 0xb796a42c>, joint_end=1, terminal_only=0)]
DEBUG:bpg:<__main__.TestBp object at 0xb796a42c> has 0 edges: []
DEBUG:bpg:/BodyPartGraph.unroll (bpg size 2 -> size 2)
DEBUG:sim:BPGSim.setSolution: number of unrolled bodyparts = 2
DEBUG:sim:addBP
DEBUG:sim:created CappedCylinder(radius=0.500000, len=10.000000)
DEBUG:sim:radians,v = 0.000000,(1, 0, 0)
DEBUG:sim:r=(1, 0, 0)
(0, 1, 0)
(0, 0, 1)

DEBUG:sim:set geom axis to (0, 0, 1)
DEBUG:sim:real position of joint is 0.000000,0.000000,5.000000
DEBUG:sim:set root geom x,y,z = 0,0,0
DEBUG:sim:addBP
DEBUG:sim:created CappedCylinder(radius=0.500000, len=10.000000)
DEBUG:sim:radians,v = 1.570796,(0, 1, 0)
DEBUG:sim:parent rotation = (1, 0, 0)
(0, 1, 0)
(0, 0, 1)

DEBUG:sim:r=(2.22045e-16, 0, 1)
(0, 1, 0)
(-1, 0, 2.22045e-16)

DEBUG:sim:set geom axis to (1, 0, 2.22045e-16)
DEBUG:sim:real position of joint is 5.000000,0.000000,0.000000
DEBUG:sim:set geom x,y,z = 5.000000,0.000000,5.000000
DEBUG:sim:created joint with parent at 0.000000,0.000000,5.000000
DEBUG:sim:big model raise by -0.000000
DEBUG:sim:raised model to 5.600000
DEBUG:qtapp:myapp init with args ['./sim_test.py']
DEBUG:qtapp:We have OpenGL support
DEBUG:glwidget:glwidget init
DEBUG:glwidget:initialiseGL
DEBUG:glwidget:double buffer: 1
DEBUG:glwidget:auto buffer swap: 1
DEBUG:glwidget:resize
DEBUG:glwidget:resize
DEBUG:qtapp:end of qtapp init
DEBUG:qtapp:setEndTime(0.000000)
DEBUG:glwidget:resize
DEBUG:glwidget:paintGL
DEBUG:glwidget:drawing joint <ode.UniversalJoint object at 0xb797b240>
DEBUG:glwidget:HINGE axis 0.000000,0.000000,15.600000
DEBUG:glwidget:rendering 3 geoms
DEBUG:glwidget:draw ccylinder
DEBUG:glwidget:r=[2.2204460492503131e-16, 0.0, 1.0, 0.0, 1.0, 0.0, -1.0, 0.0, 2.2204460492503131e-16]
DEBUG:glwidget:geom matrix T is [2.22045e-16, 0, 1, 5]
[0, 1, 0, 0]
[-1, 0, 2.22045e-16, 15.6]
[0, 0, 0, 1]
DEBUG:glwidget:geom len=10.000000 xyz=5.000000,0.000000,15.600000
DEBUG:glwidget:draw ccylinder
DEBUG:glwidget:r=[1.0, 0.0, 0.0, 0.0, 1.0, 0.0, 0.0, 0.0, 1.0]
DEBUG:glwidget:geom matrix T is [1, 0, 0, 0]
[0, 1, 0, 0]
[0, 0, 1, 10.6]
[0, 0, 0, 1]
DEBUG:glwidget:geom len=10.000000 xyz=0.000000,0.000000,10.600000
DEBUG:qtapp:qtapp.timerEvent on <qtapp.MyApp object at 0xb7975c2c>
DEBUG:glwidget:paintGL
DEBUG:glwidget:drawing joint <ode.UniversalJoint object at 0xb797b240>
DEBUG:glwidget:HINGE axis 0.000000,0.000000,15.600000
DEBUG:glwidget:rendering 3 geoms
DEBUG:glwidget:draw ccylinder
DEBUG:glwidget:r=[2.2204460492503131e-16, 0.0, 1.0, 0.0, 1.0, 0.0, -1.0, 0.0, 2.2204460492503131e-16]
DEBUG:glwidget:geom matrix T is [2.22045e-16, 0, 1, 5]
[0, 1, 0, 0]
[-1, 0, 2.22045e-16, 15.6]
[0, 0, 0, 1]
DEBUG:glwidget:geom len=10.000000 xyz=5.000000,0.000000,15.600000
DEBUG:glwidget:draw ccylinder
DEBUG:glwidget:r=[1.0, 0.0, 0.0, 0.0, 1.0, 0.0, 0.0, 0.0, 1.0]
DEBUG:glwidget:geom matrix T is [1, 0, 0, 0]
[0, 1, 0, 0]
[0, 0, 1, 10.6]
[0, 0, 0, 1]
DEBUG:glwidget:geom len=10.000000 xyz=0.000000,0.000000,10.600000
DEBUG:qtapp:qtapp.timerEvent on <qtapp.MyApp object at 0xb7975c2c>
DEBUG:glwidget:paintGL
DEBUG:glwidget:drawing joint <ode.UniversalJoint object at 0xb797b240>
DEBUG:glwidget:HINGE axis 0.000000,0.000000,15.600000
DEBUG:glwidget:rendering 3 geoms
DEBUG:glwidget:draw ccylinder
DEBUG:glwidget:r=[2.2204460492503131e-16, 0.0, 1.0, 0.0, 1.0, 0.0, -1.0, 0.0, 2.2204460492503131e-16]
DEBUG:glwidget:geom matrix T is [2.22045e-16, 0, 1, 5]
[0, 1, 0, 0]
[-1, 0, 2.22045e-16, 15.6]
[0, 0, 0, 1]
DEBUG:glwidget:geom len=10.000000 xyz=5.000000,0.000000,15.600000
DEBUG:glwidget:draw ccylinder
DEBUG:glwidget:r=[1.0, 0.0, 0.0, 0.0, 1.0, 0.0, 0.0, 0.0, 1.0]
DEBUG:glwidget:geom matrix T is [1, 0, 0, 0]
[0, 1, 0, 0]
[0, 0, 1, 10.6]
[0, 0, 0, 1]
DEBUG:glwidget:geom len=10.000000 xyz=0.000000,0.000000,10.600000
DEBUG:qtapp:qtapp.timerEvent on <qtapp.MyApp object at 0xb7975c2c>
DEBUG:glwidget:paintGL
DEBUG:glwidget:drawing joint <ode.UniversalJoint object at 0xb797b240>
DEBUG:glwidget:HINGE axis 0.000000,0.000000,15.600000
DEBUG:glwidget:rendering 3 geoms
DEBUG:glwidget:draw ccylinder
DEBUG:glwidget:r=[2.2204460492503131e-16, 0.0, 1.0, 0.0, 1.0, 0.0, -1.0, 0.0, 2.2204460492503131e-16]
DEBUG:glwidget:geom matrix T is [2.22045e-16, 0, 1, 5]
[0, 1, 0, 0]
[-1, 0, 2.22045e-16, 15.6]
[0, 0, 0, 1]
DEBUG:glwidget:geom len=10.000000 xyz=5.000000,0.000000,15.600000
DEBUG:glwidget:draw ccylinder
DEBUG:glwidget:r=[1.0, 0.0, 0.0, 0.0, 1.0, 0.0, 0.0, 0.0, 1.0]
DEBUG:glwidget:geom matrix T is [1, 0, 0, 0]
[0, 1, 0, 0]
[0, 0, 1, 10.6]
[0, 0, 0, 1]
DEBUG:glwidget:geom len=10.000000 xyz=0.000000,0.000000,10.600000
DEBUG:qtapp:qtapp.timerEvent on <qtapp.MyApp object at 0xb7975c2c>
DEBUG:glwidget:paintGL
DEBUG:glwidget:drawing joint <ode.UniversalJoint object at 0xb797b240>
DEBUG:glwidget:HINGE axis 0.000000,0.000000,15.600000
DEBUG:glwidget:rendering 3 geoms
DEBUG:glwidget:draw ccylinder
DEBUG:glwidget:r=[2.2204460492503131e-16, 0.0, 1.0, 0.0, 1.0, 0.0, -1.0, 0.0, 2.2204460492503131e-16]
DEBUG:glwidget:geom matrix T is [2.22045e-16, 0, 1, 5]
[0, 1, 0, 0]
[-1, 0, 2.22045e-16, 15.6]
[0, 0, 0, 1]
DEBUG:glwidget:geom len=10.000000 xyz=5.000000,0.000000,15.600000
DEBUG:glwidget:draw ccylinder
DEBUG:glwidget:r=[1.0, 0.0, 0.0, 0.0, 1.0, 0.0, 0.0, 0.0, 1.0]
DEBUG:glwidget:geom matrix T is [1, 0, 0, 0]
[0, 1, 0, 0]
[0, 0, 1, 10.6]
[0, 0, 0, 1]
DEBUG:glwidget:geom len=10.000000 xyz=0.000000,0.000000,10.600000
DEBUG:qtapp:qtapp.timerEvent on <qtapp.MyApp object at 0xb7975c2c>
DEBUG:glwidget:paintGL
DEBUG:glwidget:drawing joint <ode.UniversalJoint object at 0xb797b240>
DEBUG:glwidget:HINGE axis 0.000000,0.000000,15.600000
DEBUG:glwidget:rendering 3 geoms
DEBUG:glwidget:draw ccylinder
DEBUG:glwidget:r=[2.2204460492503131e-16, 0.0, 1.0, 0.0, 1.0, 0.0, -1.0, 0.0, 2.2204460492503131e-16]
DEBUG:glwidget:geom matrix T is [2.22045e-16, 0, 1, 5]
[0, 1, 0, 0]
[-1, 0, 2.22045e-16, 15.6]
[0, 0, 0, 1]
DEBUG:glwidget:geom len=10.000000 xyz=5.000000,0.000000,15.600000
DEBUG:glwidget:draw ccylinder
DEBUG:glwidget:r=[1.0, 0.0, 0.0, 0.0, 1.0, 0.0, 0.0, 0.0, 1.0]
DEBUG:glwidget:geom matrix T is [1, 0, 0, 0]
[0, 1, 0, 0]
[0, 0, 1, 10.6]
[0, 0, 0, 1]
DEBUG:glwidget:geom len=10.000000 xyz=0.000000,0.000000,10.600000
DEBUG:qtapp:qtapp.timerEvent on <qtapp.MyApp object at 0xb7975c2c>
DEBUG:glwidget:paintGL
DEBUG:glwidget:drawing joint <ode.UniversalJoint object at 0xb797b240>
DEBUG:glwidget:HINGE axis 0.000000,0.000000,15.600000
DEBUG:glwidget:rendering 3 geoms
DEBUG:glwidget:draw ccylinder
DEBUG:glwidget:r=[2.2204460492503131e-16, 0.0, 1.0, 0.0, 1.0, 0.0, -1.0, 0.0, 2.2204460492503131e-16]
DEBUG:glwidget:geom matrix T is [2.22045e-16, 0, 1, 5]
[0, 1, 0, 0]
[-1, 0, 2.22045e-16, 15.6]
[0, 0, 0, 1]
DEBUG:glwidget:geom len=10.000000 xyz=5.000000,0.000000,15.600000
DEBUG:glwidget:draw ccylinder
DEBUG:glwidget:r=[1.0, 0.0, 0.0, 0.0, 1.0, 0.0, 0.0, 0.0, 1.0]
DEBUG:glwidget:geom matrix T is [1, 0, 0, 0]
[0, 1, 0, 0]
[0, 0, 1, 10.6]
[0, 0, 0, 1]
DEBUG:glwidget:geom len=10.000000 xyz=0.000000,0.000000,10.600000
DEBUG:qtapp:qtapp.timerEvent on <qtapp.MyApp object at 0xb7975c2c>
DEBUG:glwidget:paintGL
DEBUG:glwidget:drawing joint <ode.UniversalJoint object at 0xb797b240>
DEBUG:glwidget:HINGE axis 0.000000,0.000000,15.600000
DEBUG:glwidget:rendering 3 geoms
DEBUG:glwidget:draw ccylinder
DEBUG:glwidget:r=[2.2204460492503131e-16, 0.0, 1.0, 0.0, 1.0, 0.0, -1.0, 0.0, 2.2204460492503131e-16]
DEBUG:glwidget:geom matrix T is [2.22045e-16, 0, 1, 5]
[0, 1, 0, 0]
[-1, 0, 2.22045e-16, 15.6]
[0, 0, 0, 1]
DEBUG:glwidget:geom len=10.000000 xyz=5.000000,0.000000,15.600000
DEBUG:glwidget:draw ccylinder
DEBUG:glwidget:r=[1.0, 0.0, 0.0, 0.0, 1.0, 0.0, 0.0, 0.0, 1.0]
DEBUG:glwidget:geom matrix T is [1, 0, 0, 0]
[0, 1, 0, 0]
[0, 0, 1, 10.6]
[0, 0, 0, 1]
DEBUG:glwidget:geom len=10.000000 xyz=0.000000,0.000000,10.600000
DEBUG:qtapp:qtapp.timerEvent on <qtapp.MyApp object at 0xb7975c2c>
DEBUG:glwidget:paintGL
DEBUG:glwidget:drawing joint <ode.UniversalJoint object at 0xb797b240>
DEBUG:glwidget:HINGE axis 0.000000,0.000000,15.600000
DEBUG:glwidget:rendering 3 geoms
DEBUG:glwidget:draw ccylinder
DEBUG:glwidget:r=[2.2204460492503131e-16, 0.0, 1.0, 0.0, 1.0, 0.0, -1.0, 0.0, 2.2204460492503131e-16]
DEBUG:glwidget:geom matrix T is [2.22045e-16, 0, 1, 5]
[0, 1, 0, 0]
[-1, 0, 2.22045e-16, 15.6]
[0, 0, 0, 1]
DEBUG:glwidget:geom len=10.000000 xyz=5.000000,0.000000,15.600000
DEBUG:glwidget:draw ccylinder
DEBUG:glwidget:r=[1.0, 0.0, 0.0, 0.0, 1.0, 0.0, 0.0, 0.0, 1.0]
DEBUG:glwidget:geom matrix T is [1, 0, 0, 0]
[0, 1, 0, 0]
[0, 0, 1, 10.6]
[0, 0, 0, 1]
DEBUG:glwidget:geom len=10.000000 xyz=0.000000,0.000000,10.600000
DEBUG:qtapp:qtapp.timerEvent on <qtapp.MyApp object at 0xb7975c2c>
DEBUG:glwidget:paintGL
DEBUG:glwidget:drawing joint <ode.UniversalJoint object at 0xb797b240>
DEBUG:glwidget:HINGE axis 0.000000,0.000000,15.600000
DEBUG:glwidget:rendering 3 geoms
DEBUG:glwidget:draw ccylinder
DEBUG:glwidget:r=[2.2204460492503131e-16, 0.0, 1.0, 0.0, 1.0, 0.0, -1.0, 0.0, 2.2204460492503131e-16]
DEBUG:glwidget:geom matrix T is [2.22045e-16, 0, 1, 5]
[0, 1, 0, 0]
[-1, 0, 2.22045e-16, 15.6]
[0, 0, 0, 1]
DEBUG:glwidget:geom len=10.000000 xyz=5.000000,0.000000,15.600000
DEBUG:glwidget:draw ccylinder
DEBUG:glwidget:r=[1.0, 0.0, 0.0, 0.0, 1.0, 0.0, 0.0, 0.0, 1.0]
DEBUG:glwidget:geom matrix T is [1, 0, 0, 0]
[0, 1, 0, 0]
[0, 0, 1, 10.6]
[0, 0, 0, 1]
DEBUG:glwidget:geom len=10.000000 xyz=0.000000,0.000000,10.600000
DEBUG:qtapp:qtapp.timerEvent on <qtapp.MyApp object at 0xb7975c2c>
DEBUG:glwidget:paintGL
DEBUG:glwidget:drawing joint <ode.UniversalJoint object at 0xb797b240>
DEBUG:glwidget:HINGE axis 0.000000,0.000000,15.600000
DEBUG:glwidget:rendering 3 geoms
DEBUG:glwidget:draw ccylinder
DEBUG:glwidget:r=[2.2204460492503131e-16, 0.0, 1.0, 0.0, 1.0, 0.0, -1.0, 0.0, 2.2204460492503131e-16]
DEBUG:glwidget:geom matrix T is [2.22045e-16, 0, 1, 5]
[0, 1, 0, 0]
[-1, 0, 2.22045e-16, 15.6]
[0, 0, 0, 1]
DEBUG:glwidget:geom len=10.000000 xyz=5.000000,0.000000,15.600000
DEBUG:glwidget:draw ccylinder
DEBUG:glwidget:r=[1.0, 0.0, 0.0, 0.0, 1.0, 0.0, 0.0, 0.0, 1.0]
DEBUG:glwidget:geom matrix T is [1, 0, 0, 0]
[0, 1, 0, 0]
[0, 0, 1, 10.6]
[0, 0, 0, 1]
DEBUG:glwidget:geom len=10.000000 xyz=0.000000,0.000000,10.600000
DEBUG:qtapp:qtapp.timerEvent on <qtapp.MyApp object at 0xb7975c2c>
DEBUG:glwidget:paintGL
DEBUG:glwidget:drawing joint <ode.UniversalJoint object at 0xb797b240>
DEBUG:glwidget:HINGE axis 0.000000,0.000000,15.600000
DEBUG:glwidget:rendering 3 geoms
DEBUG:glwidget:draw ccylinder
DEBUG:glwidget:r=[2.2204460492503131e-16, 0.0, 1.0, 0.0, 1.0, 0.0, -1.0, 0.0, 2.2204460492503131e-16]
DEBUG:glwidget:geom matrix T is [2.22045e-16, 0, 1, 5]
[0, 1, 0, 0]
[-1, 0, 2.22045e-16, 15.6]
[0, 0, 0, 1]
DEBUG:glwidget:geom len=10.000000 xyz=5.000000,0.000000,15.600000
DEBUG:glwidget:draw ccylinder
DEBUG:glwidget:r=[1.0, 0.0, 0.0, 0.0, 1.0, 0.0, 0.0, 0.0, 1.0]
DEBUG:glwidget:geom matrix T is [1, 0, 0, 0]
[0, 1, 0, 0]
[0, 0, 1, 10.6]
[0, 0, 0, 1]
DEBUG:glwidget:geom len=10.000000 xyz=0.000000,0.000000,10.600000
DEBUG:qtapp:qtapp.timerEvent on <qtapp.MyApp object at 0xb7975c2c>
DEBUG:glwidget:paintGL
DEBUG:glwidget:drawing joint <ode.UniversalJoint object at 0xb797b240>
DEBUG:glwidget:HINGE axis 0.000000,0.000000,15.600000
DEBUG:glwidget:rendering 3 geoms
DEBUG:glwidget:draw ccylinder
DEBUG:glwidget:r=[2.2204460492503131e-16, 0.0, 1.0, 0.0, 1.0, 0.0, -1.0, 0.0, 2.2204460492503131e-16]
DEBUG:glwidget:geom matrix T is [2.22045e-16, 0, 1, 5]
[0, 1, 0, 0]
[-1, 0, 2.22045e-16, 15.6]
[0, 0, 0, 1]
DEBUG:glwidget:geom len=10.000000 xyz=5.000000,0.000000,15.600000
DEBUG:glwidget:draw ccylinder
DEBUG:glwidget:r=[1.0, 0.0, 0.0, 0.0, 1.0, 0.0, 0.0, 0.0, 1.0]
DEBUG:glwidget:geom matrix T is [1, 0, 0, 0]
[0, 1, 0, 0]
[0, 0, 1, 10.6]
[0, 0, 0, 1]
DEBUG:glwidget:geom len=10.000000 xyz=0.000000,0.000000,10.600000
DEBUG:qtapp:qtapp.timerEvent on <qtapp.MyApp object at 0xb7975c2c>
DEBUG:glwidget:paintGL
DEBUG:glwidget:drawing joint <ode.UniversalJoint object at 0xb797b240>
DEBUG:glwidget:HINGE axis 0.000000,0.000000,15.600000
DEBUG:glwidget:rendering 3 geoms
DEBUG:glwidget:draw ccylinder
DEBUG:glwidget:r=[2.2204460492503131e-16, 0.0, 1.0, 0.0, 1.0, 0.0, -1.0, 0.0, 2.2204460492503131e-16]
DEBUG:glwidget:geom matrix T is [2.22045e-16, 0, 1, 5]
[0, 1, 0, 0]
[-1, 0, 2.22045e-16, 15.6]
[0, 0, 0, 1]
DEBUG:glwidget:geom len=10.000000 xyz=5.000000,0.000000,15.600000
DEBUG:glwidget:draw ccylinder
DEBUG:glwidget:r=[1.0, 0.0, 0.0, 0.0, 1.0, 0.0, 0.0, 0.0, 1.0]
DEBUG:glwidget:geom matrix T is [1, 0, 0, 0]
[0, 1, 0, 0]
[0, 0, 1, 10.6]
[0, 0, 0, 1]
DEBUG:glwidget:geom len=10.000000 xyz=0.000000,0.000000,10.600000
DEBUG:qtapp:qtapp.timerEvent on <qtapp.MyApp object at 0xb7975c2c>
DEBUG:sim:collision: creating contact between <ode.GeomCCylinder object at 0xb7be7ce0> <ode.GeomCCylinder object at 0xb7be7bd8>
DEBUG:sim:MyMotor.step
DEBUG:sim:MyMotor angles=(0.000000,0.000000,0.000000) desired_angles=(4.712389,0.000000,3.926991)
DEBUG:sim:stepped world by 0.020000 time is 0.020000
DEBUG:glwidget:paintGL
DEBUG:glwidget:drawing joint <ode.UniversalJoint object at 0xb797b240>
DEBUG:glwidget:HINGE axis -0.027449,-0.000657,15.600314
DEBUG:glwidget:rendering 3 geoms
DEBUG:glwidget:draw ccylinder
DEBUG:glwidget:r=[0.9999858463003769, 0.00029603211918010182, -0.0053122089476423879, -0.00029669816880363499, 0.99999994822335336, -0.00012459328705760676, 0.0053121717889792197, 0.00012616764626871449, 0.99998588235665076]
DEBUG:glwidget:geom matrix T is [0.999986, 0.000296032, -0.00531221, -0.000888031]
[-0.000296698, 1, -0.000124593, -3.38273e-05]
[0.00531217, 0.000126168, 0.999986, 10.6004]
[0, 0, 0, 1]
DEBUG:glwidget:geom len=10.000000 xyz=-0.000888,-0.000034,10.600384
DEBUG:glwidget:draw ccylinder
DEBUG:glwidget:r=[-0.0020276558972349371, -0.00030382291414691667, 0.99999789814939088, 0.00012474976372424694, 0.99999994598749198, 0.00030407648645412153, -0.99999793652240065, 0.00012536606399984919, -0.002027617885879403]
DEBUG:glwidget:geom matrix T is [-0.00202766, -0.000303823, 0.999998, 5.02209]
[0.00012475, 1, 0.000304076, 0.000841394]
[-0.999998, 0.000125366, -0.00202762, 15.5904]
[0, 0, 0, 1]
DEBUG:glwidget:geom len=10.000000 xyz=5.022088,0.000841,15.590446
DEBUG:qtapp:qtapp.timerEvent on <qtapp.MyApp object at 0xb7975c2c>
DEBUG:sim:collision: creating contact between <ode.GeomCCylinder object at 0xb7be7bd8> <ode.GeomCCylinder object at 0xb7be7ce0>
DEBUG:sim:MyMotor.step
DEBUG:sim:MyMotor angles=(-0.000000,-0.000000,-0.000000) desired_angles=(4.712389,0.000000,3.926991)
DEBUG:sim:stepped world by 0.020000 time is 0.040000
DEBUG:glwidget:paintGL
DEBUG:glwidget:drawing joint <ode.UniversalJoint object at 0xb797b240>
DEBUG:glwidget:HINGE axis -0.046275,-0.001538,15.600546
DEBUG:glwidget:rendering 3 geoms
DEBUG:glwidget:draw ccylinder
DEBUG:glwidget:r=[0.99995884333806795, 0.00056378504639206307, -0.009055041491606481, -0.00056646626177736547, 0.99999979647512038, -0.0002935399326019708, 0.0090548741552557328, 0.00029865722698219039, 0.99995895918677247]
DEBUG:glwidget:geom matrix T is [0.999959, 0.000563785, -0.00905504, -0.00099953]
[-0.000566466, 1, -0.00029354, -7.06162e-05]
[0.00905487, 0.000298657, 0.999959, 10.6008]
[0, 0, 0, 1]
DEBUG:glwidget:geom len=10.000000 xyz=-0.001000,-0.000071,10.600751
DEBUG:glwidget:draw ccylinder
DEBUG:glwidget:r=[-0.0060148450069219331, -0.00084737305537046419, 0.99998155162905256, 0.0003262321881637156, 0.9999995860879648, 0.00084935060981574631, -0.99998185744147472, 0.00033133488198586989, -0.0060145660769391511]
DEBUG:glwidget:geom matrix T is [-0.00601485, -0.000847373, 0.999982, 5.04818]
[0.000326232, 1, 0.000849351, 0.00264478]
[-0.999982, 0.000331335, -0.00601457, 15.5712]
[0, 0, 0, 1]
DEBUG:glwidget:geom len=10.000000 xyz=5.048182,0.002645,15.571224
DEBUG:qtapp:qtapp.timerEvent on <qtapp.MyApp object at 0xb7975c2c>
DEBUG:sim:collision: creating contact between <ode.GeomCCylinder object at 0xb7be7bd8> <ode.GeomCCylinder object at 0xb7be7ce0>
DEBUG:sim:MyMotor.step
DEBUG:sim:MyMotor angles=(6.277855,6.283172,6.278104) desired_angles=(4.712389,0.000000,3.926991)
DEBUG:sim:stepped world by 0.020000 time is 0.060000
DEBUG:glwidget:paintGL
DEBUG:glwidget:drawing joint <ode.UniversalJoint object at 0xb797b240>
DEBUG:glwidget:HINGE axis -0.059281,-0.002430,15.600742
DEBUG:glwidget:rendering 3 geoms
DEBUG:glwidget:draw ccylinder
DEBUG:glwidget:r=[0.99993164160017889, 0.00080500565594281614, -0.011664651416361055, -0.00081048118413939421, 0.99999956359045883, -0.00046469252431249403, 0.011664272245685536, 0.00047411473916762878, 0.99993185766240722]
DEBUG:glwidget:geom matrix T is [0.999932, 0.000805006, -0.0116647, -0.000957805]
[-0.000810481, 1, -0.000464693, -0.000106526]
[0.0116643, 0.000474115, 0.999932, 10.6011]
[0, 0, 0, 1]
DEBUG:glwidget:geom len=10.000000 xyz=-0.000958,-0.000107,10.601083
DEBUG:glwidget:draw ccylinder
DEBUG:glwidget:r=[-0.011938949043933814, -0.0015770571473672863, 0.99992748456399627, 0.0025683452278876507, 0.999995409232456, 0.0016078298427495668, -0.99992542976889898, 0.0025873547817775438, -0.011934843807795487]
DEBUG:glwidget:geom matrix T is [-0.0119389, -0.00157706, 0.999927, 5.07551]
[0.00256835, 0.999995, 0.00160783, 0.00547316]
[-0.999925, 0.00258735, -0.0119348, 15.5423]
[0, 0, 0, 1]
DEBUG:glwidget:geom len=10.000000 xyz=5.075512,0.005473,15.542327
DEBUG:qtapp:qtapp.timerEvent on <qtapp.MyApp object at 0xb7975c2c>
DEBUG:sim:collision: creating contact between <ode.GeomCCylinder object at 0xb7be7bd8> <ode.GeomCCylinder object at 0xb7be7ce0>
DEBUG:sim:MyMotor.step
DEBUG:sim:MyMotor angles=(6.272353,6.283163,6.272613) desired_angles=(4.712389,0.000000,3.926991)
DEBUG:sim:stepped world by 0.020000 time is 0.080000
DEBUG:glwidget:paintGL
DEBUG:glwidget:drawing joint <ode.UniversalJoint object at 0xb797b240>
DEBUG:glwidget:HINGE axis -0.068414,-0.003309,15.600923
DEBUG:glwidget:rendering 3 geoms
DEBUG:glwidget:draw ccylinder
DEBUG:glwidget:r=[0.99990816077709577, 0.0010263722555482232, -0.01351356989690719, -0.0010350324479403616, 0.99999926345593437, -0.00063387334732276546, 0.013512909353550255, 0.0006478021162179367, 0.99990848662926202]
DEBUG:glwidget:geom matrix T is [0.999908, 0.00102637, -0.0135136, -0.000846286]
[-0.00103503, 0.999999, -0.000633873, -0.000139493]
[0.0135129, 0.000647802, 0.999908, 10.6014]
[0, 0, 0, 1]
DEBUG:glwidget:geom len=10.000000 xyz=-0.000846,-0.000139,10.601380
DEBUG:glwidget:draw ccylinder
DEBUG:glwidget:r=[-0.019779351680609798, -0.0024795657405650164, 0.99980129475852997, 0.0046745762272221913, 0.99998576518473181, 0.002572501701132505, -0.99979344145887983, 0.0047245297802698573, -0.019767479206127821]
DEBUG:glwidget:geom matrix T is [-0.0197794, -0.00247957, 0.999801, 5.1024]
[0.00467458, 0.999986, 0.0025725, 0.00933993]
[-0.999793, 0.00472453, -0.0197675, 15.5038]
[0, 0, 0, 1]
DEBUG:glwidget:geom len=10.000000 xyz=5.102397,0.009340,15.503787
DEBUG:qtapp:qtapp.timerEvent on <qtapp.MyApp object at 0xb7975c2c>
DEBUG:sim:collision: creating contact between <ode.GeomCCylinder object at 0xb7be7bd8> <ode.GeomCCylinder object at 0xb7be7ce0>
DEBUG:sim:MyMotor.step
DEBUG:sim:MyMotor angles=(6.266311,0.001972,6.266476) desired_angles=(4.712389,0.000000,3.926991)
DEBUG:sim:stepped world by 0.020000 time is 0.100000
DEBUG:glwidget:paintGL
DEBUG:glwidget:drawing joint <ode.UniversalJoint object at 0xb797b240>
DEBUG:glwidget:HINGE axis -0.074958,-0.004160,15.601091
DEBUG:glwidget:rendering 3 geoms
DEBUG:glwidget:draw ccylinder
DEBUG:glwidget:r=[0.99988894474612344, 0.0012307720076337085, -0.01485204951341115, -0.0012427617077625773, 0.99999890931040947, -0.0007980735110948142, 0.014851051067897858, 0.00081644243925548866, 0.99988938373398184]
DEBUG:glwidget:geom matrix T is [0.999889, 0.00123077, -0.014852, -0.000698187]
[-0.00124276, 0.999999, -0.000798074, -0.000169514]
[0.0148511, 0.000816442, 0.999889, 10.6016]
[0, 0, 0, 1]
DEBUG:glwidget:geom len=10.000000 xyz=-0.000698,-0.000170,10.601645
DEBUG:glwidget:draw ccylinder
DEBUG:glwidget:r=[-0.029504714104235434, -0.0035868638979894224, 0.99955820553532782, 0.0048219819024122763, 0.99998141494922788, 0.0037307166433505298, -0.99955301026816989, 0.0049299253054650117, -0.029486869964823269]
DEBUG:glwidget:geom matrix T is [-0.0295047, -0.00358686, 0.999558, 5.12773]
[0.00482198, 0.999981, 0.00373072, 0.0142535]
[-0.999553, 0.00492993, -0.0294869, 15.4557]
[0, 0, 0, 1]
DEBUG:glwidget:geom len=10.000000 xyz=5.127730,0.014253,15.455671
DEBUG:qtapp:qtapp.timerEvent on <qtapp.MyApp object at 0xb7975c2c>
DEBUG:sim:collision: creating contact between <ode.GeomCCylinder object at 0xb7be7bd8> <ode.GeomCCylinder object at 0xb7be7ce0>
DEBUG:sim:MyMotor.step
DEBUG:sim:MyMotor angles=(6.259462,0.003785,6.259472) desired_angles=(4.712389,0.000000,3.926991)
DEBUG:sim:stepped world by 0.020000 time is 0.120000
DEBUG:glwidget:paintGL
DEBUG:glwidget:drawing joint <ode.UniversalJoint object at 0xb797b240>
DEBUG:glwidget:HINGE axis -0.079749,-0.004912,15.601248
DEBUG:glwidget:rendering 3 geoms
DEBUG:glwidget:draw ccylinder
DEBUG:glwidget:r=[0.99987348250057451, 0.0014173800885679234, -0.015843295927865229, -0.0014325011258656587, 0.99999852924602628, -0.00094310461174206743, 0.015841935888576665, 0.00096568083175898288, 0.99987404233124955]
DEBUG:glwidget:geom matrix T is [0.999873, 0.00141738, -0.0158433, -0.000532985]
[-0.0014325, 0.999999, -0.000943105, -0.000196975]
[0.0158419, 0.000965681, 0.999874, 10.6019]
[0, 0, 0, 1]
DEBUG:glwidget:geom len=10.000000 xyz=-0.000533,-0.000197,10.601877
DEBUG:glwidget:draw ccylinder
DEBUG:glwidget:r=[-0.041084220461782943, -0.0048656332086968778, 0.99914383971604703, 0.0050277980027058798, 0.99997447528595917, 0.0050764184042034859, -0.99914303684522143, 0.0052320540946147742, -0.04105870837787548]
DEBUG:glwidget:geom matrix T is [-0.0410842, -0.00486563, 0.999144, 5.15077]
[0.0050278, 0.999974, 0.00507642, 0.0202247]
[-0.999143, 0.00523205, -0.0410587, 15.3981]
[0, 0, 0, 1]
DEBUG:glwidget:geom len=10.000000 xyz=5.150769,0.020225,15.398103
DEBUG:qtapp:qtapp.timerEvent on <qtapp.MyApp object at 0xb7975c2c>
DEBUG:sim:collision: creating contact between <ode.GeomCCylinder object at 0xb7be7bd8> <ode.GeomCCylinder object at 0xb7be7ce0>
DEBUG:sim:MyMotor.step
DEBUG:sim:MyMotor angles=(6.251680,0.003579,6.251469) desired_angles=(4.712389,0.000000,3.926991)
DEBUG:sim:stepped world by 0.020000 time is 0.140000
DEBUG:glwidget:paintGL
DEBUG:glwidget:drawing joint <ode.UniversalJoint object at 0xb797b240>
DEBUG:glwidget:HINGE axis -0.083326,-0.005570,15.601389
DEBUG:glwidget:rendering 3 geoms
DEBUG:glwidget:draw ccylinder
DEBUG:glwidget:r=[0.99986106557306964, 0.0015889377260662255, -0.016592914993707748, -0.0016069087641817476, 0.99999813670734916, -0.0010697785066674612, 0.016591184264823405, 0.0010962931781304066, 0.99986175581725212]
DEBUG:glwidget:geom matrix T is [0.999861, 0.00158894, -0.0165929, -0.000361834]
[-0.00160691, 0.999998, -0.00106978, -0.000221114]
[0.0165912, 0.00109629, 0.999862, 10.6021]
[0, 0, 0, 1]
DEBUG:glwidget:geom len=10.000000 xyz=-0.000362,-0.000221,10.602080
DEBUG:glwidget:draw ccylinder
DEBUG:glwidget:r=[-0.054480481109033467, -0.0063067285469312504, 0.99849491854148342, 0.0053370589759940031, 0.9999639296316587, 0.0066072109923861191, -0.99850057234816603, 0.0056889903011403146, -0.0544448565958119]
DEBUG:glwidget:geom matrix T is [-0.0544805, -0.00630673, 0.998495, 5.17099]
[0.00533706, 0.999964, 0.00660721, 0.0272392]
[-0.998501, 0.00568899, -0.0544449, 15.3312]
[0, 0, 0, 1]
DEBUG:glwidget:geom len=10.000000 xyz=5.170988,0.027239,15.331243
DEBUG:qtapp:qtapp.timerEvent on <qtapp.MyApp object at 0xb7975c2c>
DEBUG:sim:collision: creating contact between <ode.GeomCCylinder object at 0xb7be7bd8> <ode.GeomCCylinder object at 0xb7be7ce0>
DEBUG:sim:MyMotor.step
DEBUG:sim:MyMotor angles=(6.242822,0.003365,6.242390) desired_angles=(4.712389,0.000000,3.926991)
DEBUG:sim:stepped world by 0.020000 time is 0.160000
DEBUG:glwidget:paintGL
DEBUG:glwidget:drawing joint <ode.UniversalJoint object at 0xb797b240>
DEBUG:glwidget:HINGE axis -0.086030,-0.006138,15.601514
DEBUG:glwidget:rendering 3 geoms
DEBUG:glwidget:draw ccylinder
DEBUG:glwidget:r=[0.99985109545411743, 0.001747754748721887, -0.01716776842049246, -0.0017682581667791456, 0.99999774138424025, -0.0011791901771103989, 0.017165668709868454, 0.0012093716370474761, 0.99985192765628383]
DEBUG:glwidget:geom matrix T is [0.999851, 0.00174775, -0.0171678, -0.000190825]
[-0.00176826, 0.999998, -0.00117919, -0.000242085]
[0.0171657, 0.00120937, 0.999852, 10.6023]
[0, 0, 0, 1]
DEBUG:glwidget:geom len=10.000000 xyz=-0.000191,-0.000242,10.602254
DEBUG:glwidget:draw ccylinder
DEBUG:glwidget:r=[-0.069650857681599315, -0.0078982999604003297, 0.99754016203958051, 0.005778314895357183, 0.99994868613975685, 0.0083208271430244909, -0.99755469479181302, 0.0063436539241623173, -0.069601644762913251]
DEBUG:glwidget:geom matrix T is [-0.0696509, -0.0078983, 0.99754, 5.18799]
[0.00577831, 0.999949, 0.00832083, 0.035279]
[-0.997555, 0.00634365, -0.0696016, 15.2553]
[0, 0, 0, 1]
DEBUG:glwidget:geom len=10.000000 xyz=5.187989,0.035279,15.255288
DEBUG:qtapp:qtapp.timerEvent on <qtapp.MyApp object at 0xb7975c2c>
DEBUG:sim:collision: creating contact between <ode.GeomCCylinder object at 0xb7be7bd8> <ode.GeomCCylinder object at 0xb7be7ce0>
DEBUG:sim:MyMotor.step
DEBUG:sim:MyMotor angles=(6.232829,0.003161,6.232192) desired_angles=(4.712389,0.000000,3.926991)
DEBUG:sim:stepped world by 0.020000 time is 0.180000
DEBUG:glwidget:paintGL
DEBUG:glwidget:drawing joint <ode.UniversalJoint object at 0xb797b240>
DEBUG:glwidget:HINGE axis -0.088068,-0.006623,15.601622
DEBUG:glwidget:rendering 3 geoms
DEBUG:glwidget:draw ccylinder
DEBUG:glwidget:r=[0.99984315185957273, 0.0018958258258047346, -0.017609018256384921, -0.0019185292499645401, 0.99999734998717327, -0.0012725031033018457, 0.017606559148014019, 0.0013060869301444388, 0.99984413945969519]
DEBUG:glwidget:geom matrix T is [0.999843, 0.00189583, -0.017609, -2.28626e-05]
[-0.00191853, 0.999997, -0.0012725, -0.000260112]
[0.0176066, 0.00130609, 0.999844, 10.6024]
[0, 0, 0, 1]
DEBUG:glwidget:geom len=10.000000 xyz=-0.000023,-0.000260,10.602401
DEBUG:glwidget:draw ccylinder
DEBUG:glwidget:r=[-0.086547130589066781, -0.009624429742114254, 0.99620126708358403, 0.0063829182293050971, 0.99992745385550785, 0.01021495868416791, -0.9962273096746932, 0.0072427465909252458, -0.086479419980378072]
DEBUG:glwidget:geom matrix T is [-0.0865471, -0.00962443, 0.996201, 5.20144]
[0.00638292, 0.999927, 0.010215, 0.0443241]
[-0.996227, 0.00724275, -0.0864794, 15.1705]
[0, 0, 0, 1]
DEBUG:glwidget:geom len=10.000000 xyz=5.201439,0.044324,15.170476
DEBUG:qtapp:qtapp.timerEvent on <qtapp.MyApp object at 0xb7975c2c>
DEBUG:sim:collision: creating contact between <ode.GeomCCylinder object at 0xb7be7bd8> <ode.GeomCCylinder object at 0xb7be7ce0>
DEBUG:sim:MyMotor.step
DEBUG:sim:MyMotor angles=(6.221674,0.002966,6.220859) desired_angles=(4.712389,0.000000,3.926991)
DEBUG:sim:stepped world by 0.020000 time is 0.200000
DEBUG:glwidget:paintGL
DEBUG:glwidget:drawing joint <ode.UniversalJoint object at 0xb797b240>
DEBUG:glwidget:HINGE axis -0.089564,-0.007030,15.601712
DEBUG:glwidget:rendering 3 geoms
DEBUG:glwidget:draw ccylinder
DEBUG:glwidget:r=[0.99983697564737262, 0.002034848942922936, -0.017941056771959334, -0.0020594146129484475, 0.99999696697085028, -0.0013508739956434748, 0.017938253531689111, 0.0013876018447727646, 0.9998381337103287]
DEBUG:glwidget:geom matrix T is [0.999837, 0.00203485, -0.0179411, 0.000141094]
[-0.00205941, 0.999997, -0.00135087, -0.000275427]
[0.0179383, 0.0013876, 0.999838, 10.6025]
[0, 0, 0, 1]
DEBUG:glwidget:geom len=10.000000 xyz=0.000141,-0.000275,10.602522
DEBUG:glwidget:draw ccylinder
DEBUG:glwidget:r=[-0.10511519601474018, -0.011464335171781317, 0.99439396849832717, 0.0071847180516045389, 0.99989869616063975, 0.012287279714064668, -0.99443409806447303, 0.0084360201115084507, -0.10502217942595043]
DEBUG:glwidget:geom matrix T is [-0.105115, -0.0114643, 0.994394, 5.21103]
[0.00718472, 0.999899, 0.0122873, 0.0543531]
[-0.994434, 0.00843602, -0.105022, 15.0771]
[0, 0, 0, 1]
DEBUG:glwidget:geom len=10.000000 xyz=5.211033,0.054353,15.077078
DEBUG:qtapp:qtapp.timerEvent on <qtapp.MyApp object at 0xb7975c2c>
DEBUG:sim:collision: creating contact between <ode.GeomCCylinder object at 0xb7be7bd8> <ode.GeomCCylinder object at 0xb7be7ce0>
DEBUG:sim:MyMotor.step
DEBUG:sim:MyMotor angles=(6.209351,0.002780,6.208393) desired_angles=(4.712389,0.000000,3.926991)
DEBUG:sim:stepped world by 0.020000 time is 0.220000
DEBUG:glwidget:paintGL
DEBUG:glwidget:drawing joint <ode.UniversalJoint object at 0xb797b240>
DEBUG:glwidget:HINGE axis -0.090587,-0.007365,15.601786
DEBUG:glwidget:rendering 3 geoms
DEBUG:glwidget:draw ccylinder
DEBUG:glwidget:r=[0.99983242708194653, 0.0021662408133311379, -0.018177600396166879, -0.0021923296687985615, 0.99999659513909112, -0.0014154154330281192, 0.018174472373287027, 0.0014550295403898299, 0.99983377190560496]
DEBUG:glwidget:geom matrix T is [0.999832, 0.00216624, -0.0181776, 0.00030119]
[-0.00219233, 0.999997, -0.00141542, -0.000288266]
[0.0181745, 0.00145503, 0.999834, 10.6026]
[0, 0, 0, 1]
DEBUG:glwidget:geom len=10.000000 xyz=0.000301,-0.000288,10.602617
DEBUG:glwidget:draw ccylinder
DEBUG:glwidget:r=[-0.12529480841733187, -0.013391647855629145, 0.99202917031273574, 0.0082196250034255632, 0.99986056853300864, 0.01453551710988896, -0.99208550475675583, 0.0099753326039604667, -0.12516726405483664]
DEBUG:glwidget:geom matrix T is [-0.125295, -0.0133916, 0.992029, 5.21647]
[0.00821963, 0.999861, 0.0145355, 0.0653437]
[-0.992086, 0.00997533, -0.125167, 14.9754]
[0, 0, 0, 1]
DEBUG:glwidget:geom len=10.000000 xyz=5.216472,0.065344,14.975403
DEBUG:qtapp:qtapp.timerEvent on <qtapp.MyApp object at 0xb7975c2c>
DEBUG:sim:collision: creating contact between <ode.GeomCCylinder object at 0xb7be7bd8> <ode.GeomCCylinder object at 0xb7be7ce0>
DEBUG:sim:MyMotor.step
DEBUG:sim:MyMotor angles=(6.195867,0.002602,6.194811) desired_angles=(4.712389,0.000000,3.926991)
DEBUG:sim:stepped world by 0.020000 time is 0.240000
DEBUG:glwidget:paintGL
DEBUG:glwidget:drawing joint <ode.UniversalJoint object at 0xb797b240>
DEBUG:glwidget:HINGE axis -0.091171,-0.007635,15.601844
DEBUG:glwidget:rendering 3 geoms
DEBUG:glwidget:draw ccylinder
DEBUG:glwidget:r=[0.99982944285822084, 0.0022911506019693728, -0.018325823930692618, -0.0023184246060409881, 0.99999623614430611, -0.001467175711133299, 0.018322393434422116, 0.001509412514964413, 0.99983099150441113]
DEBUG:glwidget:geom matrix T is [0.999829, 0.00229115, -0.0183258, 0.000458128]
[-0.00231842, 0.999996, -0.00146718, -0.000298867]
[0.0183224, 0.00150941, 0.999831, 10.6027]
[0, 0, 0, 1]
DEBUG:glwidget:geom len=10.000000 xyz=0.000458,-0.000299,10.602689
DEBUG:glwidget:draw ccylinder
DEBUG:glwidget:r=[-0.14701935627228999, -0.015373766363880619, 0.98901413346274791, 0.0095252337854234616, 0.99981083789823488, 0.016957545298851798, -0.98908775081011613, 0.011913678232116066, -0.14684510706307893]
DEBUG:glwidget:geom matrix T is [-0.147019, -0.0153738, 0.989014, 5.21745]
[0.00952523, 0.999811, 0.0169575, 0.0772734]
[-0.989088, 0.0119137, -0.146845, 14.8658]
[0, 0, 0, 1]
DEBUG:glwidget:geom len=10.000000 xyz=5.217448,0.077273,14.865797
DEBUG:qtapp:qtapp.timerEvent on <qtapp.MyApp object at 0xb7975c2c>
DEBUG:sim:collision: creating contact between <ode.GeomCCylinder object at 0xb7be7bd8> <ode.GeomCCylinder object at 0xb7be7ce0>
DEBUG:sim:MyMotor.step
DEBUG:sim:MyMotor angles=(6.181236,0.002432,6.180140) desired_angles=(4.712389,0.000000,3.926991)
DEBUG:sim:stepped world by 0.020000 time is 0.260000
DEBUG:glwidget:paintGL
DEBUG:glwidget:drawing joint <ode.UniversalJoint object at 0xb797b240>
DEBUG:glwidget:HINGE axis -0.091333,-0.007843,15.601886
DEBUG:glwidget:rendering 3 geoms
DEBUG:glwidget:draw ccylinder
DEBUG:glwidget:r=[0.99982799980410253, 0.002410471624179308, -0.018389139030325193, -0.0024385958986673753, 0.99999589090294094, -0.0015071255011960851, 0.018385430584313373, 0.0015517099543340125, 0.99982976958002556]
DEBUG:glwidget:geom matrix T is [0.999828, 0.00241047, -0.0183891, 0.000612808]
[-0.0024386, 0.999996, -0.00150713, -0.000307475]
[0.0183854, 0.00155171, 0.99983, 10.6027]
[0, 0, 0, 1]
DEBUG:glwidget:geom len=10.000000 xyz=0.000613,-0.000307,10.602737
DEBUG:glwidget:draw ccylinder
DEBUG:glwidget:r=[-0.17021566344963293, -0.017371296478571642, 0.98525370640005938, 0.011140498666242581, 0.99974678206281054, 0.019551497245039039, -0.98534385734415997, 0.014304188677058419, -0.16997903688520644]
DEBUG:glwidget:geom matrix T is [-0.170216, -0.0173713, 0.985254, 5.21364]
[0.0111405, 0.999747, 0.0195515, 0.09012]
[-0.985344, 0.0143042, -0.169979, 14.7486]
[0, 0, 0, 1]
DEBUG:glwidget:geom len=10.000000 xyz=5.213641,0.090120,14.748641
DEBUG:qtapp:qtapp.timerEvent on <qtapp.MyApp object at 0xb7975c2c>
DEBUG:sim:collision: creating contact between <ode.GeomCCylinder object at 0xb7be7bd8> <ode.GeomCCylinder object at 0xb7be7ce0>
DEBUG:sim:MyMotor.step
DEBUG:sim:MyMotor angles=(6.165477,0.002269,6.164413) desired_angles=(4.712389,0.000000,3.926991)
DEBUG:sim:stepped world by 0.020000 time is 0.280000
DEBUG:glwidget:paintGL
DEBUG:glwidget:drawing joint <ode.UniversalJoint object at 0xb797b240>
DEBUG:glwidget:HINGE axis -0.091079,-0.007995,15.601913
DEBUG:glwidget:rendering 3 geoms
DEBUG:glwidget:draw ccylinder
DEBUG:glwidget:r=[0.9998280870598929, 0.0025248507429444511, -0.018369035219115131, -0.0025534960445613266, 0.99999555994575573, -0.0015361467133122211, 0.018365075118431967, 0.001582787888588718, 0.99983009496533659]
DEBUG:glwidget:geom matrix T is [0.999828, 0.00252485, -0.018369, 0.0007661]
[-0.0025535, 0.999996, -0.00153615, -0.000314339]
[0.0183651, 0.00158279, 0.99983, 10.6028]
[0, 0, 0, 1]
DEBUG:glwidget:geom len=10.000000 xyz=0.000766,-0.000314,10.602763
DEBUG:glwidget:draw ccylinder
DEBUG:glwidget:r=[-0.1948038126571332, -0.019337595178831612, 0.98065158542009401, 0.013105456282196429, 0.99966506798259858, 0.022315888308154976, -0.98075466942038048, 0.017199106606048994, -0.19448513861494346]
DEBUG:glwidget:geom matrix T is [-0.194804, -0.0193376, 0.980652, 5.20471]
[0.0131055, 0.999665, 0.0223159, 0.103863]
[-0.980755, 0.0171991, -0.194485, 14.6244]
[0, 0, 0, 1]
DEBUG:glwidget:geom len=10.000000 xyz=5.204712,0.103863,14.624356
DEBUG:qtapp:qtapp.timerEvent on <qtapp.MyApp object at 0xb7975c2c>
DEBUG:sim:collision: creating contact between <ode.GeomCCylinder object at 0xb7be7bd8> <ode.GeomCCylinder object at 0xb7be7ce0>
DEBUG:sim:MyMotor.step
DEBUG:sim:MyMotor angles=(6.148612,0.002114,6.147668) desired_angles=(4.712389,0.000000,3.926991)
DEBUG:sim:stepped world by 0.020000 time is 0.300000
DEBUG:glwidget:paintGL
DEBUG:glwidget:drawing joint <ode.UniversalJoint object at 0xb797b240>
DEBUG:glwidget:HINGE axis -0.089865,-0.008463,15.601899
DEBUG:glwidget:rendering 3 geoms
DEBUG:glwidget:draw ccylinder
DEBUG:glwidget:r=[0.99983113671226653, 0.0028697997232196514, -0.018151096666749435, -0.0028997295312222296, 0.99999447899387806, -0.0016228217425671378, 0.018146339281045962, 0.0016751809785809251, 0.99983393828144596]
DEBUG:glwidget:geom matrix T is [0.999831, 0.0028698, -0.0181511, 0.000890517]
[-0.00289973, 0.999994, -0.00162282, -0.000348921]
[0.0181463, 0.00167518, 0.999834, 10.6027]
[0, 0, 0, 1]
DEBUG:glwidget:geom len=10.000000 xyz=0.000891,-0.000349,10.602729
DEBUG:glwidget:draw ccylinder
DEBUG:glwidget:r=[-0.22050657912784233, -0.021436744417408133, 0.97514989337543334, 0.015472140766606399, 0.99955579865486566, 0.025471910716159431, -0.9752627653209337, 0.020704380314716078, -0.22007695748157885]
DEBUG:glwidget:geom matrix T is [-0.220507, -0.0214367, 0.97515, 5.19101]
[0.0154721, 0.999556, 0.0254719, 0.119209]
[-0.975263, 0.0207044, -0.220077, 14.4943]
[0, 0, 0, 1]
DEBUG:glwidget:geom len=10.000000 xyz=5.191013,0.119209,14.494338
DEBUG:qtapp:qtapp.timerEvent on <qtapp.MyApp object at 0xb7975c2c>
DEBUG:sim:collision: creating contact between <ode.GeomCCylinder object at 0xb7be7bd8> <ode.GeomCCylinder object at 0xb7be7ce0>
DEBUG:sim:MyMotor.step
DEBUG:sim:MyMotor angles=(6.130660,0.001966,6.129948) desired_angles=(4.712389,0.000000,3.926991)
DEBUG:sim:stepped world by 0.020000 time is 0.320000
DEBUG:glwidget:paintGL
DEBUG:glwidget:drawing joint <ode.UniversalJoint object at 0xb797b240>
DEBUG:glwidget:HINGE axis -0.087363,-0.009373,15.601845
DEBUG:glwidget:rendering 3 geoms
DEBUG:glwidget:draw ccylinder
DEBUG:glwidget:r=[0.99983790469525613, 0.0034498964362984145, -0.01767095212994128, -0.0034820888311215799, 0.9999923330770385, -0.0017913247928223882, 0.017664636763093634, 0.0018525662525311533, 0.99984225186091624]
DEBUG:glwidget:geom matrix T is [0.999838, 0.0034499, -0.017671, 0.00099152]
[-0.00348209, 0.999992, -0.00179132, -0.000415945]
[0.0176646, 0.00185257, 0.999842, 10.6026]
[0, 0, 0, 1]
DEBUG:glwidget:geom len=10.000000 xyz=0.000992,-0.000416,10.602634
DEBUG:glwidget:draw ccylinder
DEBUG:glwidget:r=[-0.24702923380571778, -0.023810845848721805, 0.96871543874624422, 0.018233109049555121, 0.99940684851538975, 0.029214805748520683, -0.96883647298176545, 0.024879605312487851, -0.24644856230002191]
DEBUG:glwidget:geom matrix T is [-0.247029, -0.0238108, 0.968715, 5.1728]
[0.0182331, 0.999407, 0.0292148, 0.137021]
