DEBUG:root:TestBpg.__init__
DEBUG:root:Creating 2 random BodyParts
DEBUG:root:TestBp.__init__
DEBUG:bpg:BodyPart.__init__
DEBUG:neural:Network.__init__()
DEBUG:root:TestBp.__init__
DEBUG:bpg:BodyPart.__init__
DEBUG:neural:Network.__init__()
DEBUG:sim:Sim.__init__()
DEBUG:sim:BPGSim.__init__
DEBUG:sim:addBPG(<__main__.TestBpg object at 0xb7934dec>)
DEBUG:sim:<class '__main__.TestBpg'>
DEBUG:bpg:BodyPartGraph.sanityCheck
DEBUG:bpg:BodyPartGraph.unroll
DEBUG:bpg:BodyPartGraph.__init__
DEBUG:bpg:unroll: added root bp
DEBUG:bpg:<__main__.TestBp object at 0xb793836c> has 1 edges: [Edge(child=<__main__.TestBp object at 0xb793546c>, joint_end=1, terminal_only=0)]
DEBUG:bpg:<__main__.TestBp object at 0xb793546c> has 0 edges: []
DEBUG:bpg:/BodyPartGraph.unroll (bpg size 2 -> size 2)
DEBUG:bpg:BodyPartGraph.connectInputNodes(self=<bpg.BodyPartGraph object at 0xb793a5ac>, backannotate=0)
DEBUG:bpg:looking at BP <__main__.TestBp object at 0xb793a62c>, bp.network.inputs=[<node.Sigmoid object at 0xb793a6ec>]
DEBUG:bpg:thinking about input node Node(inputs=[])
DEBUG:bpg:input_node isnt connected, so hook it up
DEBUG:bpg:valid bp neighbours = [<__main__.TestBp object at 0xb793a62c>, <__main__.TestBp object at 0xb79406ac>]
DEBUG:bpg:is there an entry in genotype input_map for this genotype input node?
DEBUG:bpg:no. create new key
DEBUG:bpg:no entry in input_map for this input node. generate valid source
DEBUG:bpg:entering (<__main__.TestBp object at 0xb793546c>, 'JOINT_2') into bp.input_map
DEBUG:bpg:looking at BP <__main__.TestBp object at 0xb79406ac>, bp.network.inputs=[<node.Sigmoid object at 0xb794076c>]
DEBUG:bpg:thinking about input node Node(inputs=[])
DEBUG:bpg:input_node isnt connected, so hook it up
DEBUG:bpg:valid bp neighbours = [<__main__.TestBp object at 0xb79406ac>, <__main__.TestBp object at 0xb79406ac>]
DEBUG:bpg:is there an entry in genotype input_map for this genotype input node?
DEBUG:bpg:no. create new key
DEBUG:bpg:no entry in input_map for this input node. generate valid source
DEBUG:bpg:entering (<__main__.TestBp object at 0xb793546c>, 'JOINT_1') into bp.input_map
DEBUG:bpg:looking at BP <__main__.TestBp object at 0xb793a62c>, bp.network.inputs=[<node.Sigmoid object at 0xb793a6ec>]
DEBUG:bpg:thinking about input node Node(inputs=[(<__main__.TestBp object at 0xb793546c>, 'JOINT_2')])
DEBUG:bpg:looking at BP <__main__.TestBp object at 0xb79406ac>, bp.network.inputs=[<node.Sigmoid object at 0xb794076c>]
DEBUG:bpg:thinking about input node Node(inputs=[(<__main__.TestBp object at 0xb793546c>, 'JOINT_1')])
DEBUG:bpg:/BodyPartGraph.connectInputNodes
DEBUG:bpg:BodyPartGraph.unroll
DEBUG:bpg:BodyPartGraph.__init__
DEBUG:bpg:unroll: added root bp
DEBUG:bpg:<__main__.TestBp object at 0xb793836c> has 1 edges: [Edge(child=<__main__.TestBp object at 0xb793546c>, joint_end=1, terminal_only=0)]
DEBUG:bpg:<__main__.TestBp object at 0xb793546c> has 0 edges: []
DEBUG:bpg:/BodyPartGraph.unroll (bpg size 2 -> size 2)
DEBUG:sim:BPGSim.setSolution: number of unrolled bodyparts = 2
DEBUG:sim:addBP
DEBUG:sim:created CappedCylinder(radius=0.500000, len=10.000000)
DEBUG:sim:radians,v = 0.000000,(1, 0, 0)
DEBUG:sim:r=(1, 0, 0)
(0, 1, 0)
(0, 0, 1)

DEBUG:sim:set geom axis to (0, 0, 1)
DEBUG:sim:real position of joint is 0.000000,0.000000,5.000000
DEBUG:sim:set root geom x,y,z = 0,0,0
DEBUG:sim:addBP
DEBUG:sim:created CappedCylinder(radius=0.500000, len=10.000000)
DEBUG:sim:radians,v = 1.570796,(0, 1, 0)
DEBUG:sim:parent rotation = (1, 0, 0)
(0, 1, 0)
(0, 0, 1)

DEBUG:sim:r=(2.22045e-16, 0, 1)
(0, 1, 0)
(-1, 0, 2.22045e-16)

DEBUG:sim:set geom axis to (1, 0, 2.22045e-16)
DEBUG:sim:real position of joint is 5.000000,0.000000,0.000000
DEBUG:sim:set geom x,y,z = 5.000000,0.000000,5.000000
DEBUG:sim:created joint with parent at 0.000000,0.000000,5.000000
DEBUG:sim:big model raise by -0.000000
DEBUG:sim:raised model to 5.600000
DEBUG:qtapp:myapp init with args ['./sim_test.py']
DEBUG:qtapp:We have OpenGL support
DEBUG:glwidget:glwidget init
DEBUG:glwidget:initialiseGL
DEBUG:glwidget:double buffer: 1
DEBUG:glwidget:auto buffer swap: 1
DEBUG:glwidget:resize
DEBUG:glwidget:resize
DEBUG:qtapp:end of qtapp init
DEBUG:qtapp:setEndTime(0.000000)
DEBUG:glwidget:resize
DEBUG:glwidget:paintGL
DEBUG:glwidget:drawing joint <ode.BallJoint object at 0xb708b280>
DEBUG:glwidget:dont know how to render joint <ode.BallJoint object at 0xb708b280>
DEBUG:glwidget:rendering 3 geoms
DEBUG:glwidget:draw ccylinder
DEBUG:glwidget:r=[2.2204460492503131e-16, 0.0, 1.0, 0.0, 1.0, 0.0, -1.0, 0.0, 2.2204460492503131e-16]
DEBUG:glwidget:geom matrix T is [2.22045e-16, 0, 1, 5]
[0, 1, 0, 0]
[-1, 0, 2.22045e-16, 15.6]
[0, 0, 0, 1]
DEBUG:glwidget:geom len=10.000000 xyz=5.000000,0.000000,15.600000
DEBUG:glwidget:draw ccylinder
DEBUG:glwidget:r=[1.0, 0.0, 0.0, 0.0, 1.0, 0.0, 0.0, 0.0, 1.0]
DEBUG:glwidget:geom matrix T is [1, 0, 0, 0]
[0, 1, 0, 0]
[0, 0, 1, 10.6]
[0, 0, 0, 1]
DEBUG:glwidget:geom len=10.000000 xyz=0.000000,0.000000,10.600000
DEBUG:qtapp:qtapp.timerEvent on <qtapp.MyApp object at 0xb7940c6c>
DEBUG:glwidget:paintGL
DEBUG:glwidget:drawing joint <ode.BallJoint object at 0xb708b280>
DEBUG:glwidget:dont know how to render joint <ode.BallJoint object at 0xb708b280>
DEBUG:glwidget:rendering 3 geoms
DEBUG:glwidget:draw ccylinder
DEBUG:glwidget:r=[2.2204460492503131e-16, 0.0, 1.0, 0.0, 1.0, 0.0, -1.0, 0.0, 2.2204460492503131e-16]
DEBUG:glwidget:geom matrix T is [2.22045e-16, 0, 1, 5]
[0, 1, 0, 0]
[-1, 0, 2.22045e-16, 15.6]
[0, 0, 0, 1]
DEBUG:glwidget:geom len=10.000000 xyz=5.000000,0.000000,15.600000
DEBUG:glwidget:draw ccylinder
DEBUG:glwidget:r=[1.0, 0.0, 0.0, 0.0, 1.0, 0.0, 0.0, 0.0, 1.0]
DEBUG:glwidget:geom matrix T is [1, 0, 0, 0]
[0, 1, 0, 0]
[0, 0, 1, 10.6]
[0, 0, 0, 1]
DEBUG:glwidget:geom len=10.000000 xyz=0.000000,0.000000,10.600000
DEBUG:qtapp:qtapp.timerEvent on <qtapp.MyApp object at 0xb7940c6c>
DEBUG:glwidget:paintGL
DEBUG:glwidget:drawing joint <ode.BallJoint object at 0xb708b280>
DEBUG:glwidget:dont know how to render joint <ode.BallJoint object at 0xb708b280>
DEBUG:glwidget:rendering 3 geoms
DEBUG:glwidget:draw ccylinder
DEBUG:glwidget:r=[2.2204460492503131e-16, 0.0, 1.0, 0.0, 1.0, 0.0, -1.0, 0.0, 2.2204460492503131e-16]
DEBUG:glwidget:geom matrix T is [2.22045e-16, 0, 1, 5]
[0, 1, 0, 0]
[-1, 0, 2.22045e-16, 15.6]
[0, 0, 0, 1]
DEBUG:glwidget:geom len=10.000000 xyz=5.000000,0.000000,15.600000
DEBUG:glwidget:draw ccylinder
DEBUG:glwidget:r=[1.0, 0.0, 0.0, 0.0, 1.0, 0.0, 0.0, 0.0, 1.0]
DEBUG:glwidget:geom matrix T is [1, 0, 0, 0]
[0, 1, 0, 0]
[0, 0, 1, 10.6]
[0, 0, 0, 1]
DEBUG:glwidget:geom len=10.000000 xyz=0.000000,0.000000,10.600000
DEBUG:qtapp:qtapp.timerEvent on <qtapp.MyApp object at 0xb7940c6c>
DEBUG:glwidget:paintGL
DEBUG:glwidget:drawing joint <ode.BallJoint object at 0xb708b280>
DEBUG:glwidget:dont know how to render joint <ode.BallJoint object at 0xb708b280>
DEBUG:glwidget:rendering 3 geoms
DEBUG:glwidget:draw ccylinder
DEBUG:glwidget:r=[2.2204460492503131e-16, 0.0, 1.0, 0.0, 1.0, 0.0, -1.0, 0.0, 2.2204460492503131e-16]
DEBUG:glwidget:geom matrix T is [2.22045e-16, 0, 1, 5]
[0, 1, 0, 0]
[-1, 0, 2.22045e-16, 15.6]
[0, 0, 0, 1]
DEBUG:glwidget:geom len=10.000000 xyz=5.000000,0.000000,15.600000
DEBUG:glwidget:draw ccylinder
DEBUG:glwidget:r=[1.0, 0.0, 0.0, 0.0, 1.0, 0.0, 0.0, 0.0, 1.0]
DEBUG:glwidget:geom matrix T is [1, 0, 0, 0]
[0, 1, 0, 0]
[0, 0, 1, 10.6]
[0, 0, 0, 1]
DEBUG:glwidget:geom len=10.000000 xyz=0.000000,0.000000,10.600000
DEBUG:qtapp:qtapp.timerEvent on <qtapp.MyApp object at 0xb7940c6c>
DEBUG:glwidget:paintGL
DEBUG:glwidget:drawing joint <ode.BallJoint object at 0xb708b280>
DEBUG:glwidget:dont know how to render joint <ode.BallJoint object at 0xb708b280>
DEBUG:glwidget:rendering 3 geoms
DEBUG:glwidget:draw ccylinder
DEBUG:glwidget:r=[2.2204460492503131e-16, 0.0, 1.0, 0.0, 1.0, 0.0, -1.0, 0.0, 2.2204460492503131e-16]
DEBUG:glwidget:geom matrix T is [2.22045e-16, 0, 1, 5]
[0, 1, 0, 0]
[-1, 0, 2.22045e-16, 15.6]
[0, 0, 0, 1]
DEBUG:glwidget:geom len=10.000000 xyz=5.000000,0.000000,15.600000
DEBUG:glwidget:draw ccylinder
DEBUG:glwidget:r=[1.0, 0.0, 0.0, 0.0, 1.0, 0.0, 0.0, 0.0, 1.0]
DEBUG:glwidget:geom matrix T is [1, 0, 0, 0]
[0, 1, 0, 0]
[0, 0, 1, 10.6]
[0, 0, 0, 1]
DEBUG:glwidget:geom len=10.000000 xyz=0.000000,0.000000,10.600000
DEBUG:qtapp:qtapp.timerEvent on <qtapp.MyApp object at 0xb7940c6c>
DEBUG:glwidget:paintGL
DEBUG:glwidget:drawing joint <ode.BallJoint object at 0xb708b280>
DEBUG:glwidget:dont know how to render joint <ode.BallJoint object at 0xb708b280>
DEBUG:glwidget:rendering 3 geoms
DEBUG:glwidget:draw ccylinder
DEBUG:glwidget:r=[2.2204460492503131e-16, 0.0, 1.0, 0.0, 1.0, 0.0, -1.0, 0.0, 2.2204460492503131e-16]
DEBUG:glwidget:geom matrix T is [2.22045e-16, 0, 1, 5]
[0, 1, 0, 0]
[-1, 0, 2.22045e-16, 15.6]
[0, 0, 0, 1]
DEBUG:glwidget:geom len=10.000000 xyz=5.000000,0.000000,15.600000
DEBUG:glwidget:draw ccylinder
DEBUG:glwidget:r=[1.0, 0.0, 0.0, 0.0, 1.0, 0.0, 0.0, 0.0, 1.0]
DEBUG:glwidget:geom matrix T is [1, 0, 0, 0]
[0, 1, 0, 0]
[0, 0, 1, 10.6]
[0, 0, 0, 1]
DEBUG:glwidget:geom len=10.000000 xyz=0.000000,0.000000,10.600000
DEBUG:qtapp:qtapp.timerEvent on <qtapp.MyApp object at 0xb7940c6c>
DEBUG:glwidget:paintGL
DEBUG:glwidget:drawing joint <ode.BallJoint object at 0xb708b280>
DEBUG:glwidget:dont know how to render joint <ode.BallJoint object at 0xb708b280>
DEBUG:glwidget:rendering 3 geoms
DEBUG:glwidget:draw ccylinder
DEBUG:glwidget:r=[2.2204460492503131e-16, 0.0, 1.0, 0.0, 1.0, 0.0, -1.0, 0.0, 2.2204460492503131e-16]
DEBUG:glwidget:geom matrix T is [2.22045e-16, 0, 1, 5]
[0, 1, 0, 0]
[-1, 0, 2.22045e-16, 15.6]
[0, 0, 0, 1]
DEBUG:glwidget:geom len=10.000000 xyz=5.000000,0.000000,15.600000
DEBUG:glwidget:draw ccylinder
DEBUG:glwidget:r=[1.0, 0.0, 0.0, 0.0, 1.0, 0.0, 0.0, 0.0, 1.0]
DEBUG:glwidget:geom matrix T is [1, 0, 0, 0]
[0, 1, 0, 0]
[0, 0, 1, 10.6]
[0, 0, 0, 1]
DEBUG:glwidget:geom len=10.000000 xyz=0.000000,0.000000,10.600000
DEBUG:qtapp:qtapp.timerEvent on <qtapp.MyApp object at 0xb7940c6c>
DEBUG:glwidget:paintGL
DEBUG:glwidget:drawing joint <ode.BallJoint object at 0xb708b280>
DEBUG:glwidget:dont know how to render joint <ode.BallJoint object at 0xb708b280>
DEBUG:glwidget:rendering 3 geoms
DEBUG:glwidget:draw ccylinder
DEBUG:glwidget:r=[2.2204460492503131e-16, 0.0, 1.0, 0.0, 1.0, 0.0, -1.0, 0.0, 2.2204460492503131e-16]
DEBUG:glwidget:geom matrix T is [2.22045e-16, 0, 1, 5]
[0, 1, 0, 0]
[-1, 0, 2.22045e-16, 15.6]
[0, 0, 0, 1]
DEBUG:glwidget:geom len=10.000000 xyz=5.000000,0.000000,15.600000
DEBUG:glwidget:draw ccylinder
DEBUG:glwidget:r=[1.0, 0.0, 0.0, 0.0, 1.0, 0.0, 0.0, 0.0, 1.0]
DEBUG:glwidget:geom matrix T is [1, 0, 0, 0]
[0, 1, 0, 0]
[0, 0, 1, 10.6]
[0, 0, 0, 1]
DEBUG:glwidget:geom len=10.000000 xyz=0.000000,0.000000,10.600000
DEBUG:qtapp:qtapp.timerEvent on <qtapp.MyApp object at 0xb7940c6c>
DEBUG:glwidget:paintGL
DEBUG:glwidget:drawing joint <ode.BallJoint object at 0xb708b280>
DEBUG:glwidget:dont know how to render joint <ode.BallJoint object at 0xb708b280>
DEBUG:glwidget:rendering 3 geoms
DEBUG:glwidget:draw ccylinder
DEBUG:glwidget:r=[2.2204460492503131e-16, 0.0, 1.0, 0.0, 1.0, 0.0, -1.0, 0.0, 2.2204460492503131e-16]
DEBUG:glwidget:geom matrix T is [2.22045e-16, 0, 1, 5]
[0, 1, 0, 0]
[-1, 0, 2.22045e-16, 15.6]
[0, 0, 0, 1]
DEBUG:glwidget:geom len=10.000000 xyz=5.000000,0.000000,15.600000
DEBUG:glwidget:draw ccylinder
DEBUG:glwidget:r=[1.0, 0.0, 0.0, 0.0, 1.0, 0.0, 0.0, 0.0, 1.0]
DEBUG:glwidget:geom matrix T is [1, 0, 0, 0]
[0, 1, 0, 0]
[0, 0, 1, 10.6]
[0, 0, 0, 1]
DEBUG:glwidget:geom len=10.000000 xyz=0.000000,0.000000,10.600000
DEBUG:qtapp:qtapp.timerEvent on <qtapp.MyApp object at 0xb7940c6c>
DEBUG:glwidget:paintGL
DEBUG:glwidget:drawing joint <ode.BallJoint object at 0xb708b280>
DEBUG:glwidget:dont know how to render joint <ode.BallJoint object at 0xb708b280>
DEBUG:glwidget:rendering 3 geoms
DEBUG:glwidget:draw ccylinder
DEBUG:glwidget:r=[2.2204460492503131e-16, 0.0, 1.0, 0.0, 1.0, 0.0, -1.0, 0.0, 2.2204460492503131e-16]
DEBUG:glwidget:geom matrix T is [2.22045e-16, 0, 1, 5]
[0, 1, 0, 0]
[-1, 0, 2.22045e-16, 15.6]
[0, 0, 0, 1]
DEBUG:glwidget:geom len=10.000000 xyz=5.000000,0.000000,15.600000
DEBUG:glwidget:draw ccylinder
DEBUG:glwidget:r=[1.0, 0.0, 0.0, 0.0, 1.0, 0.0, 0.0, 0.0, 1.0]
DEBUG:glwidget:geom matrix T is [1, 0, 0, 0]
[0, 1, 0, 0]
[0, 0, 1, 10.6]
[0, 0, 0, 1]
DEBUG:glwidget:geom len=10.000000 xyz=0.000000,0.000000,10.600000
DEBUG:qtapp:qtapp.timerEvent on <qtapp.MyApp object at 0xb7940c6c>
DEBUG:glwidget:paintGL
DEBUG:glwidget:drawing joint <ode.BallJoint object at 0xb708b280>
DEBUG:glwidget:dont know how to render joint <ode.BallJoint object at 0xb708b280>
DEBUG:glwidget:rendering 3 geoms
DEBUG:glwidget:draw ccylinder
DEBUG:glwidget:r=[2.2204460492503131e-16, 0.0, 1.0, 0.0, 1.0, 0.0, -1.0, 0.0, 2.2204460492503131e-16]
DEBUG:glwidget:geom matrix T is [2.22045e-16, 0, 1, 5]
[0, 1, 0, 0]
[-1, 0, 2.22045e-16, 15.6]
[0, 0, 0, 1]
DEBUG:glwidget:geom len=10.000000 xyz=5.000000,0.000000,15.600000
DEBUG:glwidget:draw ccylinder
DEBUG:glwidget:r=[1.0, 0.0, 0.0, 0.0, 1.0, 0.0, 0.0, 0.0, 1.0]
DEBUG:glwidget:geom matrix T is [1, 0, 0, 0]
[0, 1, 0, 0]
[0, 0, 1, 10.6]
[0, 0, 0, 1]
DEBUG:glwidget:geom len=10.000000 xyz=0.000000,0.000000,10.600000
DEBUG:qtapp:qtapp.timerEvent on <qtapp.MyApp object at 0xb7940c6c>
DEBUG:glwidget:paintGL
DEBUG:glwidget:drawing joint <ode.BallJoint object at 0xb708b280>
DEBUG:glwidget:dont know how to render joint <ode.BallJoint object at 0xb708b280>
DEBUG:glwidget:rendering 3 geoms
DEBUG:glwidget:draw ccylinder
DEBUG:glwidget:r=[2.2204460492503131e-16, 0.0, 1.0, 0.0, 1.0, 0.0, -1.0, 0.0, 2.2204460492503131e-16]
DEBUG:glwidget:geom matrix T is [2.22045e-16, 0, 1, 5]
[0, 1, 0, 0]
[-1, 0, 2.22045e-16, 15.6]
[0, 0, 0, 1]
DEBUG:glwidget:geom len=10.000000 xyz=5.000000,0.000000,15.600000
DEBUG:glwidget:draw ccylinder
DEBUG:glwidget:r=[1.0, 0.0, 0.0, 0.0, 1.0, 0.0, 0.0, 0.0, 1.0]
DEBUG:glwidget:geom matrix T is [1, 0, 0, 0]
[0, 1, 0, 0]
[0, 0, 1, 10.6]
[0, 0, 0, 1]
DEBUG:glwidget:geom len=10.000000 xyz=0.000000,0.000000,10.600000
DEBUG:qtapp:qtapp.timerEvent on <qtapp.MyApp object at 0xb7940c6c>
DEBUG:glwidget:paintGL
DEBUG:glwidget:drawing joint <ode.BallJoint object at 0xb708b280>
DEBUG:glwidget:dont know how to render joint <ode.BallJoint object at 0xb708b280>
DEBUG:glwidget:rendering 3 geoms
DEBUG:glwidget:draw ccylinder
DEBUG:glwidget:r=[2.2204460492503131e-16, 0.0, 1.0, 0.0, 1.0, 0.0, -1.0, 0.0, 2.2204460492503131e-16]
DEBUG:glwidget:geom matrix T is [2.22045e-16, 0, 1, 5]
[0, 1, 0, 0]
[-1, 0, 2.22045e-16, 15.6]
[0, 0, 0, 1]
DEBUG:glwidget:geom len=10.000000 xyz=5.000000,0.000000,15.600000
DEBUG:glwidget:draw ccylinder
DEBUG:glwidget:r=[1.0, 0.0, 0.0, 0.0, 1.0, 0.0, 0.0, 0.0, 1.0]
DEBUG:glwidget:geom matrix T is [1, 0, 0, 0]
[0, 1, 0, 0]
[0, 0, 1, 10.6]
[0, 0, 0, 1]
DEBUG:glwidget:geom len=10.000000 xyz=0.000000,0.000000,10.600000
DEBUG:qtapp:qtapp.timerEvent on <qtapp.MyApp object at 0xb7940c6c>
DEBUG:glwidget:paintGL
DEBUG:glwidget:drawing joint <ode.BallJoint object at 0xb708b280>
DEBUG:glwidget:dont know how to render joint <ode.BallJoint object at 0xb708b280>
DEBUG:glwidget:rendering 3 geoms
DEBUG:glwidget:draw ccylinder
DEBUG:glwidget:r=[2.2204460492503131e-16, 0.0, 1.0, 0.0, 1.0, 0.0, -1.0, 0.0, 2.2204460492503131e-16]
DEBUG:glwidget:geom matrix T is [2.22045e-16, 0, 1, 5]
[0, 1, 0, 0]
[-1, 0, 2.22045e-16, 15.6]
[0, 0, 0, 1]
DEBUG:glwidget:geom len=10.000000 xyz=5.000000,0.000000,15.600000
DEBUG:glwidget:draw ccylinder
DEBUG:glwidget:r=[1.0, 0.0, 0.0, 0.0, 1.0, 0.0, 0.0, 0.0, 1.0]
DEBUG:glwidget:geom matrix T is [1, 0, 0, 0]
[0, 1, 0, 0]
[0, 0, 1, 10.6]
[0, 0, 0, 1]
DEBUG:glwidget:geom len=10.000000 xyz=0.000000,0.000000,10.600000
DEBUG:qtapp:qtapp.timerEvent on <qtapp.MyApp object at 0xb7940c6c>
DEBUG:glwidget:paintGL
DEBUG:glwidget:drawing joint <ode.BallJoint object at 0xb708b280>
DEBUG:glwidget:dont know how to render joint <ode.BallJoint object at 0xb708b280>
DEBUG:glwidget:rendering 3 geoms
DEBUG:glwidget:draw ccylinder
DEBUG:glwidget:r=[2.2204460492503131e-16, 0.0, 1.0, 0.0, 1.0, 0.0, -1.0, 0.0, 2.2204460492503131e-16]
DEBUG:glwidget:geom matrix T is [2.22045e-16, 0, 1, 5]
[0, 1, 0, 0]
[-1, 0, 2.22045e-16, 15.6]
[0, 0, 0, 1]
DEBUG:glwidget:geom len=10.000000 xyz=5.000000,0.000000,15.600000
DEBUG:glwidget:draw ccylinder
DEBUG:glwidget:r=[1.0, 0.0, 0.0, 0.0, 1.0, 0.0, 0.0, 0.0, 1.0]
DEBUG:glwidget:geom matrix T is [1, 0, 0, 0]
[0, 1, 0, 0]
[0, 0, 1, 10.6]
[0, 0, 0, 1]
DEBUG:glwidget:geom len=10.000000 xyz=0.000000,0.000000,10.600000
DEBUG:qtapp:qtapp.timerEvent on <qtapp.MyApp object at 0xb7940c6c>
DEBUG:glwidget:paintGL
DEBUG:glwidget:drawing joint <ode.BallJoint object at 0xb708b280>
DEBUG:glwidget:dont know how to render joint <ode.BallJoint object at 0xb708b280>
DEBUG:glwidget:rendering 3 geoms
DEBUG:glwidget:draw ccylinder
DEBUG:glwidget:r=[2.2204460492503131e-16, 0.0, 1.0, 0.0, 1.0, 0.0, -1.0, 0.0, 2.2204460492503131e-16]
DEBUG:glwidget:geom matrix T is [2.22045e-16, 0, 1, 5]
[0, 1, 0, 0]
[-1, 0, 2.22045e-16, 15.6]
[0, 0, 0, 1]
DEBUG:glwidget:geom len=10.000000 xyz=5.000000,0.000000,15.600000
DEBUG:glwidget:draw ccylinder
DEBUG:glwidget:r=[1.0, 0.0, 0.0, 0.0, 1.0, 0.0, 0.0, 0.0, 1.0]
DEBUG:glwidget:geom matrix T is [1, 0, 0, 0]
[0, 1, 0, 0]
[0, 0, 1, 10.6]
[0, 0, 0, 1]
DEBUG:glwidget:geom len=10.000000 xyz=0.000000,0.000000,10.600000
DEBUG:qtapp:qtapp.timerEvent on <qtapp.MyApp object at 0xb7940c6c>
DEBUG:sim:collision: creating contact between <ode.GeomCCylinder object at 0xb7baafb0> <ode.GeomCCylinder object at 0xb7baab48>
DEBUG:sim:MyMotor.step
DEBUG:sim:MyMotor angles=(0.000000,0.000000,0.000000) desired_angles=(4.712389,0.000000,3.926991)
DEBUG:sim:stepped world by 0.020000 time is 0.020000
DEBUG:glwidget:paintGL
DEBUG:glwidget:drawing joint <ode.BallJoint object at 0xb708b280>
DEBUG:glwidget:dont know how to render joint <ode.BallJoint object at 0xb708b280>
DEBUG:glwidget:rendering 3 geoms
DEBUG:glwidget:draw ccylinder
DEBUG:glwidget:r=[0.99999240228872432, 0.002287691918193206, -0.0031562367644824654, -0.0022899270045069176, 0.99999712979989253, -0.000704717170811819, 0.0031546155296750867, 0.00071193936837383011, 0.99999477075792531]
DEBUG:glwidget:geom matrix T is [0.999992, 0.00228769, -0.00315624, -0.0012966]
[-0.00228993, 0.999997, -0.000704717, -0.000275458]
[0.00315462, 0.000711939, 0.999995, 10.5997]
[0, 0, 0, 1]
DEBUG:glwidget:geom len=10.000000 xyz=-0.001297,-0.000275,10.599681
DEBUG:glwidget:draw ccylinder
DEBUG:glwidget:r=[0.0015883810540748534, -0.002230482074668352, 0.99999625099064304, 0.08553938527401321, 0.99633260527403744, 0.0020864406996106252, -0.99633352378235807, 0.085535750523179743, 0.0017733498993061573]
DEBUG:glwidget:geom matrix T is [0.00158838, -0.00223048, 0.999996, 5.03225]
[0.0855394, 0.996333, 0.00208644, 0.00685153]
[-0.996334, 0.0855358, 0.00177335, 15.6079]
[0, 0, 0, 1]
DEBUG:glwidget:geom len=10.000000 xyz=5.032251,0.006852,15.607935
DEBUG:qtapp:qtapp.timerEvent on <qtapp.MyApp object at 0xb7940c6c>
DEBUG:sim:collision: creating contact between <ode.GeomCCylinder object at 0xb7baab48> <ode.GeomCCylinder object at 0xb7baafb0>
DEBUG:sim:MyMotor.step
DEBUG:sim:MyMotor angles=(6.283185,6.283185,0.000000) desired_angles=(4.712389,0.000000,3.926991)
DEBUG:sim:stepped world by 0.020000 time is 0.040000
DEBUG:glwidget:paintGL
DEBUG:glwidget:drawing joint <ode.BallJoint object at 0xb708b280>
DEBUG:glwidget:dont know how to render joint <ode.BallJoint object at 0xb708b280>
DEBUG:glwidget:rendering 3 geoms
DEBUG:glwidget:draw ccylinder
DEBUG:glwidget:r=[0.99998378676911526, 0.0042511972823688973, -0.0037886040393618411, -0.0042590662753204788, 0.99998878481824749, -0.0020713744681051492, 0.0037797557279693745, 0.0020874768001272379, 0.99999067790017215]
DEBUG:glwidget:geom matrix T is [0.999984, 0.0042512, -0.0037886, -0.00159034]
[-0.00425907, 0.999989, -0.00207137, -0.000530591]
[0.00377976, 0.00208748, 0.999991, 10.5994]
[0, 0, 0, 1]
DEBUG:glwidget:geom len=10.000000 xyz=-0.001590,-0.000531,10.599426
DEBUG:glwidget:draw ccylinder
DEBUG:glwidget:r=[0.0040806596357663505, -0.0066668414563625803, 0.99996945025432304, 0.11337958055592112, 0.99353264149670462, 0.0061612493492856409, -0.99354336539976995, 0.11335097487704464, 0.0048101522349271366]
DEBUG:glwidget:geom matrix T is [0.00408066, -0.00666684, 0.999969, 5.07361]
[0.11338, 0.993533, 0.00616125, 0.0204312]
[-0.993543, 0.113351, 0.00481015, 15.6226]
[0, 0, 0, 1]
DEBUG:glwidget:geom len=10.000000 xyz=5.073606,0.020431,15.622647
DEBUG:qtapp:qtapp.timerEvent on <qtapp.MyApp object at 0xb7940c6c>
DEBUG:sim:collision: creating contact between <ode.GeomCCylinder object at 0xb7baab48> <ode.GeomCCylinder object at 0xb7baafb0>
DEBUG:sim:MyMotor.step
DEBUG:sim:MyMotor angles=(6.219470,6.230198,6.265575) desired_angles=(4.712389,0.000000,3.926991)
DEBUG:sim:stepped world by 0.020000 time is 0.060000
DEBUG:glwidget:paintGL
DEBUG:glwidget:drawing joint <ode.BallJoint object at 0xb708b280>
DEBUG:glwidget:dont know how to render joint <ode.BallJoint object at 0xb708b280>
DEBUG:glwidget:rendering 3 geoms
DEBUG:glwidget:draw ccylinder
DEBUG:glwidget:r=[0.99997878691080688, 0.0059290408000042738, -0.0026967023534289264, -0.0059382249008911722, 0.99997655264962715, -0.0034105184347632211, 0.0026764180199551164, 0.0034264597121968928, 0.99999054803554177]
DEBUG:glwidget:geom matrix T is [0.999979, 0.00592904, -0.0026967, -0.00162151]
[-0.00593822, 0.999977, -0.00341052, -0.000781866]
[0.00267642, 0.00342646, 0.999991, 10.5992]
[0, 0, 0, 1]
DEBUG:glwidget:geom len=10.000000 xyz=-0.001622,-0.000782,10.599159
DEBUG:glwidget:draw ccylinder
DEBUG:glwidget:r=[0.007712284354353856, -0.012809205464172338, 0.99988821621489987, 0.13712153428675961, 0.99048594231941123, 0.011631117851397282, -0.99052420743002678, 0.1370165038344093, 0.0093953271423990858]
DEBUG:glwidget:geom matrix T is [0.00771228, -0.0128092, 0.999888, 5.11924]
[0.137122, 0.990486, 0.0116311, 0.0412725]
[-0.990524, 0.137017, 0.00939533, 15.6451]
[0, 0, 0, 1]
DEBUG:glwidget:geom len=10.000000 xyz=5.119240,0.041272,15.645116
DEBUG:qtapp:qtapp.timerEvent on <qtapp.MyApp object at 0xb7940c6c>
DEBUG:sim:collision: creating contact between <ode.GeomCCylinder object at 0xb7baab48> <ode.GeomCCylinder object at 0xb7baafb0>
DEBUG:sim:MyMotor.step
DEBUG:sim:MyMotor angles=(6.198429,6.216106,6.256329) desired_angles=(4.712389,0.000000,3.926991)
DEBUG:sim:stepped world by 0.020000 time is 0.080000
DEBUG:glwidget:paintGL
DEBUG:glwidget:drawing joint <ode.BallJoint object at 0xb708b280>
DEBUG:glwidget:dont know how to render joint <ode.BallJoint object at 0xb708b280>
DEBUG:glwidget:rendering 3 geoms
DEBUG:glwidget:draw ccylinder
DEBUG:glwidget:r=[0.99997245082819897, 0.0073983089807470245, -0.00060217013418494643, -0.0074010167477912316, 0.99996191161422998, -0.0046260427920332648, 0.00056792230456295667, 0.004630372019633751, 0.99998911850040439]
DEBUG:glwidget:geom matrix T is [0.999972, 0.00739831, -0.00060217, -0.00149821]
[-0.00740102, 0.999962, -0.00462604, -0.00100506]
[0.000567922, 0.00463037, 0.999989, 10.5989]
[0, 0, 0, 1]
DEBUG:glwidget:geom len=10.000000 xyz=-0.001498,-0.001005,10.598909
DEBUG:glwidget:draw ccylinder
DEBUG:glwidget:r=[0.0124707116835475, -0.020600891904305647, 0.99971000025149981, 0.15848694579890973, 0.98719024632507912, 0.018365880647632338, -0.9872823149238722, 0.15821194902211635, 0.01557593737737718]
DEBUG:glwidget:geom matrix T is [0.0124707, -0.0206009, 0.99971, 5.16565]
[0.158487, 0.98719, 0.0183659, 0.0692805]
[-0.987282, 0.158212, 0.0155759, 15.6755]
[0, 0, 0, 1]
DEBUG:glwidget:geom len=10.000000 xyz=5.165647,0.069281,15.675548
DEBUG:qtapp:qtapp.timerEvent on <qtapp.MyApp object at 0xb7940c6c>
DEBUG:sim:collision: creating contact between <ode.GeomCCylinder object at 0xb7baab48> <ode.GeomCCylinder object at 0xb7baafb0>
DEBUG:sim:MyMotor.step
DEBUG:sim:MyMotor angles=(6.178668,6.206914,6.246832) desired_angles=(4.712389,0.000000,3.926991)
DEBUG:sim:stepped world by 0.020000 time is 0.100000
DEBUG:glwidget:paintGL
DEBUG:glwidget:drawing joint <ode.BallJoint object at 0xb708b280>
DEBUG:glwidget:dont know how to render joint <ode.BallJoint object at 0xb708b280>
DEBUG:glwidget:rendering 3 geoms
DEBUG:glwidget:draw ccylinder
DEBUG:glwidget:r=[0.99996018560701638, 0.0086904378240305578, 0.0020257075820613842, -0.0086787954761611066, 0.99994616721588736, -0.0056869305727809839, -0.0020750204491347753, 0.0056691234492930696, 0.99998177749869643]
DEBUG:glwidget:geom matrix T is [0.99996, 0.00869044, 0.00202571, -0.00128809]
[-0.0086788, 0.999946, -0.00568693, -0.00119728]
[-0.00207502, 0.00566912, 0.999982, 10.5987]
[0, 0, 0, 1]
DEBUG:glwidget:geom len=10.000000 xyz=-0.001288,-0.001197,10.598678
DEBUG:glwidget:draw ccylinder
DEBUG:glwidget:r=[0.018343000329146972, -0.030022870212122663, 0.99938088915245482, 0.17785935147051704, 0.98370474308356204, 0.026287440525665309, -0.98388494522144831, 0.17726704628646958, 0.023383944651376852]
DEBUG:glwidget:geom matrix T is [0.018343, -0.0300229, 0.999381, 5.21053]
[0.177859, 0.983705, 0.0262874, 0.104246]
[-0.983885, 0.177267, 0.0233839, 15.7141]
[0, 0, 0, 1]
DEBUG:glwidget:geom len=10.000000 xyz=5.210528,0.104246,15.714088
DEBUG:qtapp:qtapp.timerEvent on <qtapp.MyApp object at 0xb7940c6c>
DEBUG:sim:collision: creating contact between <ode.GeomCCylinder object at 0xb7baab48> <ode.GeomCCylinder object at 0xb7baafb0>
DEBUG:sim:MyMotor.step
DEBUG:sim:MyMotor angles=(6.159239,6.200954,6.236663) desired_angles=(4.712389,0.000000,3.926991)
DEBUG:sim:stepped world by 0.020000 time is 0.120000
DEBUG:glwidget:paintGL
DEBUG:glwidget:drawing joint <ode.BallJoint object at 0xb708b280>
DEBUG:glwidget:dont know how to render joint <ode.BallJoint object at 0xb708b280>
DEBUG:glwidget:rendering 3 geoms
DEBUG:glwidget:draw ccylinder
DEBUG:glwidget:r=[0.99993971575740093, 0.0098312857851392474, 0.0048898538648139709, -0.0097989820089501214, 0.99993029362591024, -0.0065869447234045038, -0.00495427114685793, 0.0065386320443831039, 0.99996635017804048]
DEBUG:glwidget:geom matrix T is [0.99994, 0.00983129, 0.00488985, -0.00103434]
[-0.00979898, 0.99993, -0.00658694, -0.00135924]
[-0.00495427, 0.00653863, 0.999966, 10.5985]
[0, 0, 0, 1]
DEBUG:glwidget:geom len=10.000000 xyz=-0.001034,-0.001359,10.598465
DEBUG:glwidget:draw ccylinder
DEBUG:glwidget:r=[0.025315254694240182, -0.04106079336807085, 0.9988358969959733, 0.19548221680140845, 0.9800704801906478, 0.035334922856576211, -0.98038045716659061, 0.19436014279388056, 0.032837388735547583]
DEBUG:glwidget:geom matrix T is [0.0253153, -0.0410608, 0.998836, 5.25238]
[0.195482, 0.98007, 0.0353349, 0.145906]
[-0.98038, 0.19436, 0.0328374, 15.7608]
[0, 0, 0, 1]
DEBUG:glwidget:geom len=10.000000 xyz=5.252382,0.145906,15.760841
DEBUG:qtapp:qtapp.timerEvent on <qtapp.MyApp object at 0xb7940c6c>
DEBUG:sim:collision: creating contact between <ode.GeomCCylinder object at 0xb7baab48> <ode.GeomCCylinder object at 0xb7baafb0>
DEBUG:sim:MyMotor.step
DEBUG:sim:MyMotor angles=(6.140115,6.197623,6.225665) desired_angles=(4.712389,0.000000,3.926991)
DEBUG:sim:stepped world by 0.020000 time is 0.140000
DEBUG:glwidget:paintGL
DEBUG:glwidget:drawing joint <ode.BallJoint object at 0xb708b280>
DEBUG:glwidget:dont know how to render joint <ode.BallJoint object at 0xb708b280>
DEBUG:glwidget:rendering 3 geoms
DEBUG:glwidget:draw ccylinder
DEBUG:glwidget:r=[0.99991072242425805, 0.010843057153805506, 0.0078086677837924875, -0.010785857923476725, 0.99991496216500519, -0.0073303279197264827, -0.0078874869161796902, 0.0072454503045328005, 0.99994264385515219]
DEBUG:glwidget:geom matrix T is [0.999911, 0.0108431, 0.00780867, -0.000763457]
[-0.0107859, 0.999915, -0.00733033, -0.00149266]
[-0.00788749, 0.00724545, 0.999943, 10.5983]
[0, 0, 0, 1]
DEBUG:glwidget:geom len=10.000000 xyz=-0.000763,-0.001493,10.598271
DEBUG:glwidget:draw ccylinder
DEBUG:glwidget:r=[0.033375846715881757, -0.053694008675142436, 0.99799950214836863, 0.21151215305722654, 0.97631785157739848, 0.045453952527688947, -0.97680533473414977, 0.20957195929724651, 0.043942370341379024]
DEBUG:glwidget:geom matrix T is [0.0333758, -0.053694, 0.998, 5.29022]
[0.211512, 0.976318, 0.045454, 0.193968]
[-0.976805, 0.209572, 0.0439424, 15.8159]
[0, 0, 0, 1]
DEBUG:glwidget:geom len=10.000000 xyz=5.290222,0.193968,15.815875
DEBUG:qtapp:qtapp.timerEvent on <qtapp.MyApp object at 0xb7940c6c>
DEBUG:sim:collision: creating contact between <ode.GeomCCylinder object at 0xb7baab48> <ode.GeomCCylinder object at 0xb7baafb0>
DEBUG:sim:MyMotor.step
DEBUG:sim:MyMotor angles=(6.121293,6.196547,6.213738) desired_angles=(4.712389,0.000000,3.926991)
DEBUG:sim:stepped world by 0.020000 time is 0.160000
DEBUG:glwidget:paintGL
DEBUG:glwidget:drawing joint <ode.BallJoint object at 0xb708b280>
DEBUG:glwidget:dont know how to render joint <ode.BallJoint object at 0xb708b280>
DEBUG:glwidget:rendering 3 geoms
DEBUG:glwidget:draw ccylinder
DEBUG:glwidget:r=[0.99987398611975131, 0.011744785821479619, 0.010680444139025516, -0.011660440247359795, 0.99990060555596127, -0.0079254742482501861, -0.010772465559797582, 0.0077999368477889817, 0.99991155357408157]
DEBUG:glwidget:geom matrix T is [0.999874, 0.0117448, 0.0106804, -0.000491436]
[-0.0116604, 0.999901, -0.00792547, -0.00159968]
[-0.0107725, 0.00779994, 0.999912, 10.5981]
[0, 0, 0, 1]
DEBUG:glwidget:geom len=10.000000 xyz=-0.000491,-0.001600,10.598095
DEBUG:glwidget:draw ccylinder
DEBUG:glwidget:r=[0.042516789422627849, -0.067890051559671691, 0.99678646836542539, 0.22604031612258191, 0.9724726506662229, 0.056592571892551041, -0.97318965166322824, 0.22290779395399218, 0.056692303623767107]
DEBUG:glwidget:geom matrix T is [0.0425168, -0.0678901, 0.996786, 5.32339]
[0.22604, 0.972473, 0.0565926, 0.248121]
[-0.97319, 0.222908, 0.0566923, 15.8792]
[0, 0, 0, 1]
DEBUG:glwidget:geom len=10.000000 xyz=5.323389,0.248121,15.879227
DEBUG:qtapp:qtapp.timerEvent on <qtapp.MyApp object at 0xb7940c6c>
DEBUG:sim:collision: creating contact between <ode.GeomCCylinder object at 0xb7baab48> <ode.GeomCCylinder object at 0xb7baafb0>
DEBUG:sim:MyMotor.step
DEBUG:sim:MyMotor angles=(6.102769,6.197500,6.200818) desired_angles=(4.712389,0.000000,3.926991)
DEBUG:sim:stepped world by 0.020000 time is 0.180000
DEBUG:glwidget:paintGL
DEBUG:glwidget:drawing joint <ode.BallJoint object at 0xb708b280>
DEBUG:glwidget:dont know how to render joint <ode.BallJoint object at 0xb708b280>
DEBUG:glwidget:rendering 3 geoms
DEBUG:glwidget:draw ccylinder
DEBUG:glwidget:r=[0.99983055788770636, 0.012552658984772536, 0.013464258849634933, -0.012440495703602025, 0.99988748087375967, -0.008382103469632125, -0.013567961549423069, 0.0082131811339436981, 0.99987421912711316]
DEBUG:glwidget:geom matrix T is [0.999831, 0.0125527, 0.0134643, -0.000228488]
[-0.0124405, 0.999887, -0.0083821, -0.00168256]
[-0.013568, 0.00821318, 0.999874, 10.5979]
[0, 0, 0, 1]
DEBUG:glwidget:geom len=10.000000 xyz=-0.000228,-0.001683,10.597935
DEBUG:glwidget:draw ccylinder
DEBUG:glwidget:r=[0.052736667506276647, -0.083601671993175378, 0.99510281093979303, 0.23910304882160774, 0.96856079252932181, 0.068700241769471287, -0.96956102229026497, 0.23430909417885909, 0.071068083135386914]
DEBUG:glwidget:geom matrix T is [0.0527367, -0.0836017, 0.995103, 5.35146]
[0.239103, 0.968561, 0.0687002, 0.308048]
[-0.969561, 0.234309, 0.0710681, 15.9509]
[0, 0, 0, 1]
DEBUG:glwidget:geom len=10.000000 xyz=5.351460,0.308048,15.950931
DEBUG:qtapp:qtapp.timerEvent on <qtapp.MyApp object at 0xb7940c6c>
DEBUG:sim:collision: creating contact between <ode.GeomCCylinder object at 0xb7baab48> <ode.GeomCCylinder object at 0xb7baafb0>
DEBUG:sim:MyMotor.step
DEBUG:sim:MyMotor angles=(6.084541,6.200357,6.186872) desired_angles=(4.712389,0.000000,3.926991)
DEBUG:sim:stepped world by 0.020000 time is 0.200000
DEBUG:glwidget:paintGL
DEBUG:glwidget:drawing joint <ode.BallJoint object at 0xb708b280>
DEBUG:glwidget:dont know how to render joint <ode.BallJoint object at 0xb708b280>
DEBUG:glwidget:rendering 3 geoms
DEBUG:glwidget:draw ccylinder
DEBUG:glwidget:r=[0.99978142801099601, 0.013280803097936679, 0.016146717108049744, -0.013141384596526588, 0.9998757110036649, -0.0087101409748450136, -0.016260387916028466, 0.0084960469625194393, 0.9998316943220148]
DEBUG:glwidget:geom matrix T is [0.999781, 0.0132808, 0.0161467, 2.27372e-05]
[-0.0131414, 0.999876, -0.00871014, -0.00174348]
[-0.0162604, 0.00849605, 0.999832, 10.5978]
[0, 0, 0, 1]
DEBUG:glwidget:geom len=10.000000 xyz=0.000023,-0.001743,10.597792
DEBUG:glwidget:draw ccylinder
DEBUG:glwidget:r=[0.064061033797869357, -0.10076685201302937, 0.99284551944606814, 0.25069083867254821, 0.96461129905753784, 0.081726037076220323, -0.9659452817599985, 0.24366182151891089, 0.087055323672270479]
DEBUG:glwidget:geom matrix T is [0.064061, -0.100767, 0.992846, 5.37409]
[0.250691, 0.964611, 0.081726, 0.373424]
[-0.965945, 0.243662, 0.0870553, 16.031]
[0, 0, 0, 1]
DEBUG:glwidget:geom len=10.000000 xyz=5.374092,0.373424,16.030966
DEBUG:qtapp:qtapp.timerEvent on <qtapp.MyApp object at 0xb7940c6c>
DEBUG:sim:collision: creating contact between <ode.GeomCCylinder object at 0xb7baab48> <ode.GeomCCylinder object at 0xb7baafb0>
DEBUG:sim:MyMotor.step
DEBUG:sim:MyMotor angles=(6.066604,6.205079,6.171884) desired_angles=(4.712389,0.000000,3.926991)
DEBUG:sim:stepped world by 0.020000 time is 0.220000
DEBUG:glwidget:paintGL
DEBUG:glwidget:drawing joint <ode.BallJoint object at 0xb708b280>
DEBUG:glwidget:dont know how to render joint <ode.BallJoint object at 0xb708b280>
DEBUG:glwidget:rendering 3 geoms
DEBUG:glwidget:draw ccylinder
DEBUG:glwidget:r=[0.99972734798980467, 0.013941435611683964, 0.018731418909339933, -0.013776245391321038, 0.99986532264850969, -0.0089191719295944934, -0.018853242272617549, 0.0086586914760159138, 0.99978476799645888]
DEBUG:glwidget:geom matrix T is [0.999727, 0.0139414, 0.0187314, 0.000262354]
[-0.0137762, 0.999865, -0.00891917, -0.00178446]
[-0.0188532, 0.00865869, 0.999785, 10.5977]
[0, 0, 0, 1]
DEBUG:glwidget:geom len=10.000000 xyz=0.000262,-0.001784,10.597665
DEBUG:glwidget:draw ccylinder
DEBUG:glwidget:r=[0.076534871787731162, -0.11930483273104375, 0.98990341462561537, 0.26076291196203705, 0.9606558893365239, 0.095618858119783726, -0.96236433700834645, 0.25081191991225238, 0.10463395091659045]
DEBUG:glwidget:geom matrix T is [0.0765349, -0.119305, 0.989903, 5.39096]
[0.260763, 0.960656, 0.0956189, 0.443921]
[-0.962364, 0.250812, 0.104634, 16.1193]
[0, 0, 0, 1]
DEBUG:glwidget:geom len=10.000000 xyz=5.390960,0.443921,16.119276
DEBUG:qtapp:qtapp.timerEvent on <qtapp.MyApp object at 0xb7940c6c>
DEBUG:sim:collision: creating contact between <ode.GeomCCylinder object at 0xb7baab48> <ode.GeomCCylinder object at 0xb7baafb0>
DEBUG:sim:MyMotor.step
DEBUG:sim:MyMotor angles=(6.048957,6.211694,6.155857) desired_angles=(4.712389,0.000000,3.926991)
DEBUG:sim:stepped world by 0.020000 time is 0.240000
DEBUG:glwidget:paintGL
DEBUG:glwidget:drawing joint <ode.BallJoint object at 0xb708b280>
DEBUG:glwidget:dont know how to render joint <ode.BallJoint object at 0xb708b280>
DEBUG:glwidget:rendering 3 geoms
DEBUG:glwidget:draw ccylinder
DEBUG:glwidget:r=[0.99966877588852077, 0.014545159739578319, 0.021231505874446877, -0.014356350209048975, 0.99985627153424117, -0.0090183968819792081, -0.021359628325925098, 0.008710602837685967, 0.99973391043616322]
DEBUG:glwidget:geom matrix T is [0.999669, 0.0145452, 0.0212315, 0.000491946]
[-0.0143564, 0.999856, -0.0090184, -0.00180741]
[-0.0213596, 0.0087106, 0.999734, 10.5976]
[0, 0, 0, 1]
DEBUG:glwidget:geom len=10.000000 xyz=0.000492,-0.001807,10.597555
DEBUG:glwidget:draw ccylinder
DEBUG:glwidget:r=[0.090225227160855681, -0.13911324286106347, 0.98615765171926262, 0.26925106261520798, 0.95672966859468644, 0.11032772322169396, -0.95883433066633206, 0.25556965174171237, 0.12377754014467461]
DEBUG:glwidget:geom matrix T is [0.0902252, -0.139113, 0.986158, 5.40173]
[0.269251, 0.95673, 0.110328, 0.519208]
[-0.958834, 0.25557, 0.123778, 16.2158]
[0, 0, 0, 1]
DEBUG:glwidget:geom len=10.000000 xyz=5.401731,0.519208,16.215773
DEBUG:qtapp:qtapp.timerEvent on <qtapp.MyApp object at 0xb7940c6c>
DEBUG:sim:collision: creating contact between <ode.GeomCCylinder object at 0xb7baab48> <ode.GeomCCylinder object at 0xb7baafb0>
DEBUG:sim:MyMotor.step
DEBUG:sim:MyMotor angles=(6.031594,6.220274,6.138806) desired_angles=(4.712389,0.000000,3.926991)
DEBUG:sim:stepped world by 0.020000 time is 0.260000
DEBUG:glwidget:paintGL
DEBUG:glwidget:drawing joint <ode.BallJoint object at 0xb708b280>
DEBUG:glwidget:dont know how to render joint <ode.BallJoint object at 0xb708b280>
DEBUG:glwidget:rendering 3 geoms
DEBUG:glwidget:draw ccylinder
DEBUG:glwidget:r=[0.99960588685823215, 0.015101220568172785, 0.023664828241900589, -0.014891421259043313, 0.99984846043632347, -0.0090167475288737472, -0.023797405977395381, 0.0086607909838035679, 0.99967928565529551]
DEBUG:glwidget:geom matrix T is [0.999606, 0.0151012, 0.0236648, 0.000713833]
[-0.0148914, 0.999848, -0.00901675, -0.0018141]
[-0.0237974, 0.00866079, 0.999679, 10.5975]
[0, 0, 0, 1]
DEBUG:glwidget:geom len=10.000000 xyz=0.000714,-0.001814,10.597461
DEBUG:glwidget:draw ccylinder
DEBUG:glwidget:r=[0.10522395456155964, -0.16006449018644042, 0.98148218443728352, 0.27606106529042451, 0.95287149487067846, 0.12580223564640874, -0.95536286698675021, 0.25771160867192905, 0.14445248055531512]
DEBUG:glwidget:geom matrix T is [0.105224, -0.160064, 0.981482, 5.40604]
[0.276061, 0.952871, 0.125802, 0.598953]
[-0.955363, 0.257712, 0.144452, 16.3203]
[0, 0, 0, 1]
DEBUG:glwidget:geom len=10.000000 xyz=5.406038,0.598953,16.320331
DEBUG:qtapp:qtapp.timerEvent on <qtapp.MyApp object at 0xb7940c6c>
DEBUG:sim:collision: creating contact between <ode.GeomCCylinder object at 0xb7baab48> <ode.GeomCCylinder object at 0xb7baafb0>
DEBUG:sim:MyMotor.step
DEBUG:sim:MyMotor angles=(6.014512,6.230928,6.120758) desired_angles=(4.712389,0.000000,3.926991)
DEBUG:sim:stepped world by 0.020000 time is 0.280000
DEBUG:glwidget:paintGL
DEBUG:glwidget:drawing joint <ode.BallJoint object at 0xb708b280>
DEBUG:glwidget:dont know how to render joint <ode.BallJoint object at 0xb708b280>
DEBUG:glwidget:rendering 3 geoms
DEBUG:glwidget:draw ccylinder
DEBUG:glwidget:r=[0.99953861252087339, 0.015617730224226399, 0.026050884485764328, -0.01538990477486127, 0.99984175202475511, -0.008923101427681851, -0.026186120576902065, 0.0085180637888713166, 0.99962079294021322]
DEBUG:glwidget:geom matrix T is [0.999539, 0.0156177, 0.0260509, 0.000930615]
[-0.0153899, 0.999842, -0.0089231, -0.0018062]
[-0.0261861, 0.00851806, 0.999621, 10.5974]
[0, 0, 0, 1]
DEBUG:glwidget:geom len=10.000000 xyz=0.000931,-0.001806,10.597384
DEBUG:glwidget:draw ccylinder
DEBUG:glwidget:r=[0.12165041899255592, -0.18200113559473227, 0.97574420941205875, 0.28107243401527821, 0.94912391989297062, 0.14199320942822907, -0.95194509421271911, 0.25698126649471886, 0.16661682470599304]
DEBUG:glwidget:geom matrix T is [0.12165, -0.182001, 0.975744, 5.40347]
[0.281072, 0.949124, 0.141993, 0.682826]
[-0.951945, 0.256981, 0.166617, 16.4328]
[0, 0, 0, 1]
DEBUG:glwidget:geom len=10.000000 xyz=5.403471,0.682826,16.432783
DEBUG:qtapp:qtapp.timerEvent on <qtapp.MyApp object at 0xb7940c6c>
DEBUG:sim:collision: creating contact between <ode.GeomCCylinder object at 0xb7baab48> <ode.GeomCCylinder object at 0xb7baafb0>
DEBUG:sim:MyMotor.step
DEBUG:sim:MyMotor angles=(5.997704,6.243801,6.101754) desired_angles=(4.712389,0.000000,3.926991)
DEBUG:sim:stepped world by 0.020000 time is 0.300000
DEBUG:glwidget:paintGL
DEBUG:glwidget:drawing joint <ode.BallJoint object at 0xb708b280>
DEBUG:glwidget:dont know how to render joint <ode.BallJoint object at 0xb708b280>
DEBUG:glwidget:rendering 3 geoms
DEBUG:glwidget:draw ccylinder
DEBUG:glwidget:r=[0.99946668935175964, 0.016101858321539014, 0.028408925267006439, -0.015859194408898745, 0.99983597825629722, -0.0087465728702125871, -0.028545101662702601, 0.0082913655610079608, 0.9995581175840651]
DEBUG:glwidget:geom matrix T is [0.999467, 0.0161019, 0.0284089, 0.00114489]
